//single phase coef Number:=32,    upsample factor:=512,
   38,   -4,   -3,   15,  -33,   58,  -88,  125, -165,  208, -251,  291, -328,  359, -391,30674, -332,  331, -310,  279, -242,  202, -161,  121,  -86,   56,  -32,   14,   -3,   -4,   38,  -43,
   37,   -3,   -4,   16,  -34,   59,  -91,  128, -169,  214, -259,  303, -345,  387, -449,30673, -273,  303, -293,  267, -233,  195, -156,  118,  -84,   55,  -31,   14,   -2,   -4,   38,    1,
   37,   -3,   -4,   16,  -35,   61,  -93,  131, -174,  220, -268,  315, -363,  415, -507,30673, -215,  274, -275,  255, -225,  189, -152,  115,  -82,   53,  -30,   13,   -2,   -5,   38,    1,
   37,   -3,   -4,   17,  -36,   62,  -95,  134, -178,  226, -276,  327, -380,  443, -564,30671, -155,  246, -257,  243, -216,  183, -147,  112,  -79,   52,  -29,   12,   -1,   -5,   38,    1,
   37,   -2,   -5,   18,  -37,   64,  -97,  137, -183,  232, -285,  339, -398,  471, -622,30670,  -96,  218, -240,  231, -208,  177, -143,  109,  -77,   50,  -28,   12,   -1,   -5,   38,    1,
   37,   -2,   -5,   19,  -38,   66, -100,  140, -187,  238, -293,  351, -415,  498, -679,30668,  -36,  189, -222,  219, -199,  170, -138,  105,  -75,   48,  -27,   11,    0,   -5,   38,    1,
   37,   -2,   -6,   19,  -40,   67, -102,  144, -191,  244, -302,  363, -432,  526, -736,30665,   24,  161, -204,  207, -190,  164, -133,  102,  -73,   47,  -26,   10,    0,   -6,   38,    1,
   37,   -2,   -6,   20,  -41,   69, -104,  147, -196,  250, -310,  375, -450,  554, -793,30663,   84,  132, -186,  194, -182,  158, -129,   99,  -70,   45,  -25,    9,    1,   -6,   39,    1,
   37,   -1,   -7,   21,  -42,   70, -106,  150, -200,  257, -318,  387, -467,  581, -849,30660,  144,  103, -168,  182, -173,  152, -124,   96,  -68,   44,  -24,    9,    1,   -6,   39,    1,
   37,   -1,   -7,   21,  -43,   72, -108,  153, -205,  263, -327,  398, -484,  609, -905,30656,  205,   75, -150,  170, -164,  145, -120,   92,  -66,   42,  -23,    8,    1,   -7,   39,    1,
   36,   -1,   -7,   22,  -44,   73, -111,  156, -209,  269, -335,  410, -501,  636, -961,30652,  266,   46, -132,  158, -155,  139, -115,   89,  -63,   40,  -21,    7,    2,   -7,   39,    1,
   36,    0,   -8,   23,  -45,   75, -113,  159, -213,  275, -343,  422, -518,  663,-1017,30648,  327,   17, -114,  145, -147,  133, -111,   86,  -61,   39,  -20,    7,    2,   -7,   39,    1,
   36,    0,   -8,   23,  -46,   76, -115,  162, -218,  281, -352,  433, -535,  690,-1072,30643,  388,  -12,  -96,  133, -138,  126, -106,   82,  -59,   37,  -19,    6,    3,   -8,   39,    1,
   36,    0,   -9,   24,  -47,   78, -117,  165, -222,  286, -360,  445, -552,  717,-1127,30638,  450,  -41,  -78,  121, -129,  120, -102,   79,  -56,   36,  -18,    5,    3,   -8,   39,    1,
   36,    1,   -9,   25,  -48,   79, -119,  168, -226,  292, -368,  457, -569,  744,-1182,30632,  512,  -70,  -60,  108, -120,  113,  -97,   76,  -54,   34,  -17,    4,    4,   -8,   39,    1,
   36,    1,  -10,   25,  -49,   81, -121,  171, -230,  298, -376,  468, -586,  771,-1237,30626,  574,  -99,  -42,   96, -111,  107,  -92,   73,  -52,   32,  -16,    4,    4,   -8,   39,    1,
   36,    1,  -10,   26,  -50,   82, -124,  174, -235,  304, -385,  480, -603,  798,-1291,30620,  636, -128,  -24,   83, -102,  101,  -88,   69,  -49,   31,  -15,    3,    5,   -9,   40,    1,
   36,    1,  -11,   27,  -51,   84, -126,  177, -239,  310, -393,  491, -620,  825,-1345,30613,  698, -157,   -6,   71,  -94,   94,  -83,   66,  -47,   29,  -14,    2,    5,   -9,   40,    1,
   35,    2,  -11,   27,  -52,   85, -128,  180, -243,  316, -401,  503, -637,  852,-1399,30606,  761, -187,   12,   58,  -85,   88,  -78,   63,  -45,   27,  -13,    2,    6,   -9,   40,    1,
   35,    2,  -11,   28,  -53,   87, -130,  183, -247,  322, -409,  514, -653,  878,-1453,30598,  824, -216,   30,   46,  -76,   81,  -74,   59,  -42,   26,  -12,    1,    6,  -10,   40,    1,
   35,    2,  -12,   29,  -54,   88, -132,  186, -251,  328, -417,  526, -670,  905,-1506,30590,  887, -245,   49,   33,  -67,   75,  -69,   56,  -40,   24,  -10,    0,    6,  -10,   40,    1,
   35,    3,  -12,   29,  -55,   89, -134,  189, -256,  333, -425,  537, -686,  931,-1559,30582,  951, -275,   67,   21,  -58,   69,  -64,   52,  -37,   22,   -9,   -1,    7,  -10,   40,    1,
   35,    3,  -13,   30,  -56,   91, -136,  192, -260,  339, -433,  548, -703,  957,-1612,30573, 1014, -304,   85,    8,  -49,   62,  -60,   49,  -35,   21,   -8,   -1,    7,  -11,   40,    1,
   35,    3,  -13,   31,  -57,   92, -138,  195, -264,  345, -441,  560, -720,  983,-1665,30564, 1078, -334,  104,   -4,  -40,   56,  -55,   46,  -33,   19,   -7,   -2,    8,  -11,   40,    1,
   35,    3,  -14,   31,  -58,   94, -140,  198, -268,  351, -449,  571, -736, 1010,-1717,30555, 1142, -364,  122,  -17,  -31,   49,  -50,   42,  -30,   17,   -6,   -3,    8,  -11,   40,    1,
   35,    4,  -14,   32,  -59,   95, -143,  201, -272,  356, -457,  582, -752, 1036,-1769,30545, 1207, -393,  140,  -29,  -22,   43,  -46,   39,  -28,   16,   -5,   -4,    9,  -11,   40,    1,
   35,    4,  -14,   32,  -60,   97, -145,  204, -276,  362, -465,  593, -769, 1061,-1821,30535, 1271, -423,  159,  -42,  -13,   36,  -41,   36,  -26,   14,   -4,   -4,    9,  -12,   41,    1,
   34,    4,  -15,   33,  -61,   98, -147,  207, -280,  368, -473,  604, -785, 1087,-1872,30524, 1336, -453,  177,  -54,   -4,   30,  -36,   32,  -23,   13,   -3,   -5,   10,  -12,   41,    1,
   34,    5,  -15,   34,  -62,  100, -149,  210, -284,  374, -481,  616, -801, 1113,-1923,30513, 1401, -482,  196,  -67,    5,   23,  -31,   29,  -21,   11,   -2,   -6,   10,  -12,   41,    1,
   34,    5,  -16,   34,  -63,  101, -151,  213, -288,  379, -489,  627, -817, 1139,-1974,30501, 1466, -512,  214,  -80,   14,   17,  -27,   25,  -18,    9,    0,   -6,   11,  -13,   41,    1,
   34,    5,  -16,   35,  -63,  102, -153,  216, -293,  385, -497,  638, -833, 1164,-2025,30490, 1532, -542,  233,  -92,   23,   10,  -22,   22,  -16,    8,    1,   -7,   11,  -13,   41,    1,
   34,    5,  -16,   36,  -64,  104, -155,  219, -297,  390, -504,  649, -849, 1190,-2075,30477, 1598, -572,  251, -105,   32,    3,  -17,   19,  -14,    6,    2,   -8,   12,  -13,   41,    1,
   34,    6,  -17,   36,  -65,  105, -157,  222, -301,  396, -512,  660, -865, 1215,-2125,30465, 1663, -602,  270, -118,   41,   -3,  -12,   15,  -11,    4,    3,   -9,   12,  -14,   41,    1,
   34,    6,  -17,   37,  -66,  107, -159,  224, -305,  402, -520,  671, -881, 1240,-2175,30452, 1730, -632,  288, -130,   50,  -10,   -8,   12,   -9,    2,    4,   -9,   13,  -14,   41,    1,
   34,    6,  -18,   38,  -67,  108, -161,  227, -309,  407, -528,  681, -897, 1265,-2225,30438, 1796, -662,  307, -143,   59,  -16,   -3,    8,   -6,    1,    5,  -10,   13,  -14,   41,    1,
   33,    7,  -18,   38,  -68,  109, -163,  230, -312,  413, -535,  692, -913, 1290,-2274,30424, 1862, -692,  325, -156,   68,  -23,    2,    5,   -4,   -1,    6,  -11,   13,  -14,   42,    1,
   33,    7,  -18,   39,  -69,  111, -165,  233, -316,  418, -543,  703, -929, 1315,-2323,30410, 1929, -723,  344, -169,   77,  -29,    7,    1,   -1,   -3,    8,  -12,   14,  -15,   42,    1,
   33,    7,  -19,   39,  -70,  112, -167,  236, -320,  424, -551,  714, -944, 1340,-2372,30395, 1996, -753,  363, -181,   86,  -36,   11,   -2,    1,   -4,    9,  -12,   14,  -15,   42,    1,
   33,    7,  -19,   40,  -71,  113, -169,  238, -324,  429, -558,  724, -960, 1365,-2420,30380, 2063, -783,  381, -194,   95,  -43,   16,   -5,    4,   -6,   10,  -13,   15,  -15,   42,    1,
   33,    8,  -20,   41,  -72,  115, -171,  241, -328,  434, -566,  735, -976, 1389,-2469,30365, 2131, -813,  400, -207,  105,  -49,   21,   -9,    6,   -8,   11,  -14,   15,  -16,   42,    1,
   33,    8,  -20,   41,  -73,  116, -173,  244, -332,  440, -573,  746, -991, 1414,-2516,30349, 2198, -844,  419, -220,  114,  -56,   26,  -12,    8,   -9,   12,  -15,   16,  -16,   42,    1,
   33,    8,  -20,   42,  -74,  117, -175,  247, -336,  445, -581,  756,-1007, 1438,-2564,30333, 2266, -874,  437, -232,  123,  -62,   31,  -16,   11,  -11,   13,  -15,   16,  -16,   42,    1,
   33,    9,  -21,   42,  -75,  119, -176,  249, -340,  450, -588,  767,-1022, 1463,-2612,30317, 2334, -904,  456, -245,  132,  -69,   35,  -19,   13,  -13,   14,  -16,   17,  -17,   42,    1,
   33,    9,  -21,   43,  -76,  120, -178,  252, -343,  456, -596,  777,-1037, 1487,-2659,30300, 2402, -935,  475, -258,  141,  -76,   40,  -23,   16,  -14,   16,  -17,   17,  -17,   42,    1,
   32,    9,  -22,   44,  -76,  121, -180,  255, -347,  461, -603,  788,-1053, 1511,-2705,30282, 2471, -965,  493, -271,  150,  -82,   45,  -26,   18,  -16,   17,  -18,   18,  -17,   42,    1,
   32,    9,  -22,   44,  -77,  123, -182,  258, -351,  466, -610,  798,-1068, 1535,-2752,30264, 2539, -996,  512, -284,  159,  -89,   50,  -30,   21,  -18,   18,  -18,   18,  -17,   43,    1,
   32,   10,  -22,   45,  -78,  124, -184,  260, -355,  472, -618,  809,-1083, 1559,-2798,30246, 2608,-1026,  531, -296,  169,  -96,   55,  -33,   23,  -20,   19,  -19,   19,  -18,   43,    1,
   32,   10,  -23,   45,  -79,  125, -186,  263, -359,  477, -625,  819,-1098, 1583,-2844,30228, 2677,-1057,  550, -309,  178, -102,   60,  -37,   26,  -21,   20,  -20,   19,  -18,   43,    1,
   32,   10,  -23,   46,  -80,  127, -188,  266, -362,  482, -632,  829,-1113, 1606,-2890,30209, 2746,-1087,  568, -322,  187, -109,   64,  -40,   28,  -23,   21,  -21,   20,  -18,   43,    1,
   32,   11,  -24,   47,  -81,  128, -190,  268, -366,  487, -639,  839,-1128, 1630,-2935,30190, 2816,-1118,  587, -335,  196, -116,   69,  -44,   31,  -25,   22,  -21,   20,  -19,   43,    1,
   32,   11,  -24,   47,  -82,  129, -191,  271, -370,  492, -647,  850,-1143, 1653,-2981,30170, 2885,-1148,  606, -348,  205, -122,   74,  -47,   33,  -26,   24,  -22,   21,  -19,   43,    1,
   32,   11,  -24,   48,  -83,  130, -193,  273, -373,  497, -654,  860,-1158, 1676,-3025,30150, 2955,-1179,  625, -361,  214, -129,   79,  -51,   36,  -28,   25,  -23,   21,  -19,   43,    1,
   31,   11,  -25,   48,  -83,  132, -195,  276, -377,  503, -661,  870,-1172, 1700,-3070,30130, 3025,-1209,  643, -374,  224, -136,   84,  -54,   38,  -30,   26,  -24,   21,  -20,   43,    1,
   31,   12,  -25,   49,  -84,  133, -197,  279, -381,  508, -668,  880,-1187, 1723,-3114,30109, 3095,-1240,  662, -386,  233, -142,   89,  -58,   40,  -32,   27,  -24,   22,  -20,   43,    1,
   31,   12,  -26,   49,  -85,  134, -199,  281, -384,  513, -675,  890,-1201, 1746,-3158,30088, 3166,-1271,  681, -399,  242, -149,   94,  -61,   43,  -33,   28,  -25,   22,  -20,   43,    1,
   31,   12,  -26,   50,  -86,  135, -201,  284, -388,  518, -682,  900,-1216, 1769,-3202,30066, 3236,-1302,  700, -412,  251, -156,   98,  -65,   45,  -35,   29,  -26,   23,  -20,   44,    1,
   31,   13,  -26,   51,  -87,  137, -202,  286, -391,  523, -689,  910,-1230, 1791,-3246,30044, 3307,-1332,  719, -425,  260, -162,  103,  -68,   48,  -37,   31,  -27,   23,  -21,   44,    1,
   31,   13,  -27,   51,  -88,  138, -204,  289, -395,  528, -696,  919,-1245, 1814,-3289,30022, 3378,-1363,  737, -438,  270, -169,  108,  -72,   50,  -39,   32,  -27,   24,  -21,   44,    1,
   31,   13,  -27,   52,  -89,  139, -206,  291, -398,  533, -703,  929,-1259, 1836,-3332,29999, 3449,-1394,  756, -451,  279, -176,  113,  -75,   53,  -40,   33,  -28,   24,  -21,   44,    1,
   31,   13,  -27,   52,  -89,  140, -208,  294, -402,  538, -710,  939,-1273, 1859,-3374,29976, 3521,-1425,  775, -464,  288, -182,  118,  -79,   55,  -42,   34,  -29,   25,  -22,   44,    1,
   30,   14,  -28,   53,  -90,  142, -209,  296, -405,  542, -717,  949,-1288, 1881,-3417,29952, 3592,-1455,  794, -476,  297, -189,  123,  -82,   58,  -44,   35,  -30,   25,  -22,   44,    1,
   30,   14,  -28,   53,  -91,  143, -211,  299, -409,  547, -723,  958,-1302, 1903,-3459,29928, 3664,-1486,  813, -489,  306, -196,  128,  -86,   60,  -45,   36,  -30,   26,  -22,   44,    1,
   30,   14,  -28,   54,  -92,  144, -213,  301, -412,  552, -730,  968,-1316, 1925,-3501,29904, 3736,-1517,  832, -502,  316, -202,  132,  -89,   63,  -47,   38,  -31,   26,  -22,   44,    1,
   30,   14,  -29,   54,  -93,  145, -215,  304, -416,  557, -737,  977,-1330, 1947,-3542,29880, 3808,-1548,  850, -515,  325, -209,  137,  -93,   65,  -49,   39,  -32,   27,  -23,   44,    1,
   30,   15,  -29,   55,  -93,  146, -216,  306, -419,  562, -744,  987,-1343, 1969,-3583,29855, 3880,-1579,  869, -528,  334, -216,  142,  -96,   68,  -51,   40,  -33,   27,  -23,   44,    1,
   30,   15,  -30,   56,  -94,  148, -218,  308, -423,  566, -750,  996,-1357, 1991,-3624,29829, 3952,-1609,  888, -541,  343, -223,  147, -100,   70,  -52,   41,  -33,   28,  -23,   45,    1,
   30,   15,  -30,   56,  -95,  149, -220,  311, -426,  571, -757, 1006,-1371, 2012,-3665,29803, 4025,-1640,  907, -553,  352, -229,  152, -103,   73,  -54,   42,  -34,   28,  -24,   45,    1,
   30,   15,  -30,   57,  -96,  150, -221,  313, -429,  576, -764, 1015,-1385, 2034,-3705,29777, 4098,-1671,  926, -566,  362, -236,  157, -107,   75,  -56,   43,  -35,   29,  -24,   45,    1,
   30,   16,  -31,   57,  -97,  151, -223,  316, -433,  581, -770, 1024,-1398, 2055,-3745,29751, 4171,-1702,  944, -579,  371, -243,  162, -110,   78,  -58,   45,  -36,   29,  -24,   45,    1,
   29,   16,  -31,   58,  -97,  152, -225,  318, -436,  585, -777, 1034,-1412, 2076,-3785,29724, 4244,-1733,  963, -592,  380, -249,  167, -114,   80,  -59,   46,  -37,   30,  -25,   45,    1,
   29,   16,  -31,   58,  -98,  153, -226,  320, -439,  590, -783, 1043,-1425, 2097,-3824,29697, 4317,-1764,  982, -605,  389, -256,  171, -117,   83,  -61,   47,  -37,   30,  -25,   45,    1,
   29,   17,  -32,   59,  -99,  154, -228,  323, -443,  594, -790, 1052,-1439, 2118,-3864,29669, 4391,-1795, 1001, -618,  398, -263,  176, -121,   85,  -63,   48,  -38,   30,  -25,   45,    1,
   29,   17,  -32,   59, -100,  156, -229,  325, -446,  599, -796, 1061,-1452, 2139,-3902,29641, 4464,-1825, 1019, -630,  407, -269,  181, -124,   88,  -64,   49,  -39,   31,  -25,   45,    1,
   29,   17,  -32,   60, -100,  157, -231,  327, -449,  603, -802, 1070,-1465, 2160,-3941,29613, 4538,-1856, 1038, -643,  417, -276,  186, -128,   90,  -66,   50,  -40,   31,  -26,   45,    1,
   29,   17,  -33,   60, -101,  158, -233,  329, -452,  608, -809, 1079,-1478, 2180,-3979,29584, 4612,-1887, 1057, -656,  426, -283,  191, -131,   93,  -68,   52,  -40,   32,  -26,   45,    1,
   29,   18,  -33,   61, -102,  159, -234,  332, -455,  612, -815, 1088,-1491, 2201,-4017,29555, 4686,-1918, 1076, -669,  435, -289,  196, -135,   95,  -70,   53,  -41,   32,  -26,   45,    1,
   29,   18,  -33,   61, -103,  160, -236,  334, -459,  617, -821, 1097,-1504, 2221,-4055,29525, 4760,-1949, 1094, -682,  444, -296,  201, -138,   98,  -71,   54,  -42,   33,  -27,   45,    2,
   28,   18,  -34,   62, -103,  161, -237,  336, -462,  621, -827, 1106,-1517, 2241,-4093,29495, 4835,-1980, 1113, -694,  453, -303,  206, -142,  100,  -73,   55,  -43,   33,  -27,   46,    2,
   28,   18,  -34,   62, -104,  162, -239,  338, -465,  626, -833, 1114,-1530, 2261,-4130,29465, 4910,-2011, 1132, -707,  462, -309,  210, -145,  103,  -75,   56,  -43,   34,  -27,   46,    2,
   28,   19,  -34,   63, -105,  163, -240,  340, -468,  630, -840, 1123,-1543, 2281,-4167,29434, 4984,-2041, 1150, -720,  472, -316,  215, -149,  105,  -77,   57,  -44,   34,  -27,   46,    2,
   28,   19,  -35,   63, -106,  164, -242,  343, -471,  634, -846, 1132,-1555, 2301,-4203,29403, 5059,-2072, 1169, -733,  481, -323,  220, -153,  108,  -78,   59,  -45,   35,  -28,   46,    2,
   28,   19,  -35,   64, -106,  165, -244,  345, -474,  639, -852, 1140,-1568, 2321,-4240,29372, 5134,-2103, 1188, -745,  490, -329,  225, -156,  110,  -80,   60,  -46,   35,  -28,   46,    2,
   28,   19,  -35,   64, -107,  166, -245,  347, -477,  643, -858, 1149,-1580, 2340,-4276,29340, 5210,-2134, 1206, -758,  499, -336,  230, -160,  113,  -82,   61,  -46,   36,  -28,   46,    2,
   28,   20,  -36,   65, -108,  167, -247,  349, -480,  647, -864, 1157,-1593, 2360,-4311,29308, 5285,-2165, 1225, -771,  508, -343,  235, -163,  115,  -84,   62,  -47,   36,  -29,   46,    2,
   28,   20,  -36,   65, -109,  168, -248,  351, -483,  651, -870, 1166,-1605, 2379,-4347,29276, 5361,-2195, 1244, -784,  517, -349,  240, -167,  118,  -85,   63,  -48,   37,  -29,   46,    2,
   27,   20,  -36,   66, -109,  169, -249,  353, -486,  655, -875, 1174,-1617, 2398,-4382,29243, 5436,-2226, 1262, -796,  526, -356,  244, -170,  120,  -87,   64,  -49,   37,  -29,   46,    2,
   27,   20,  -37,   66, -110,  170, -251,  355, -489,  660, -881, 1182,-1629, 2417,-4417,29210, 5512,-2257, 1281, -809,  535, -363,  249, -174,  123,  -89,   66,  -49,   38,  -29,   46,    2,
   27,   21,  -37,   67, -111,  171, -252,  357, -492,  664, -887, 1191,-1642, 2436,-4451,29176, 5588,-2288, 1299, -822,  544, -369,  254, -177,  125,  -90,   67,  -50,   38,  -30,   46,    2,
   27,   21,  -37,   67, -111,  172, -254,  359, -495,  668, -893, 1199,-1654, 2455,-4485,29142, 5664,-2318, 1318, -834,  553, -376,  259, -181,  128,  -92,   68,  -51,   38,  -30,   46,    2,
   27,   21,  -38,   68, -112,  173, -255,  362, -498,  672, -899, 1207,-1665, 2473,-4519,29108, 5741,-2349, 1336, -847,  563, -382,  264, -184,  130,  -94,   69,  -52,   39,  -30,   47,    2,
   27,   21,  -38,   68, -113,  174, -257,  364, -500,  676, -904, 1215,-1677, 2492,-4553,29074, 5817,-2380, 1355, -860,  572, -389,  269, -188,  133,  -96,   70,  -52,   39,  -31,   47,    2,
   27,   22,  -38,   69, -113,  175, -258,  366, -503,  680, -910, 1223,-1689, 2510,-4587,29039, 5894,-2410, 1373, -872,  581, -396,  273, -191,  135,  -97,   71,  -53,   40,  -31,   47,    2,
   27,   22,  -39,   69, -114,  176, -259,  368, -506,  684, -915, 1231,-1701, 2528,-4620,29003, 5970,-2441, 1392, -885,  590, -402,  278, -195,  138,  -99,   73,  -54,   40,  -31,   47,    2,
   27,   22,  -39,   69, -115,  177, -261,  369, -509,  688, -921, 1239,-1712, 2547,-4652,28968, 6047,-2472, 1410, -897,  599, -409,  283, -198,  140, -101,   74,  -55,   41,  -31,   47,    2,
   26,   22,  -39,   70, -115,  178, -262,  371, -512,  692, -926, 1247,-1724, 2564,-4685,28932, 6124,-2502, 1429, -910,  608, -415,  288, -202,  143, -103,   75,  -55,   41,  -32,   47,    2,
   26,   23,  -40,   70, -116,  179, -264,  373, -514,  695, -932, 1255,-1735, 2582,-4717,28895, 6202,-2533, 1447, -922,  617, -422,  293, -205,  145, -104,   76,  -56,   42,  -32,   47,    2,
   26,   23,  -40,   71, -117,  180, -265,  375, -517,  699, -937, 1262,-1747, 2600,-4749,28858, 6279,-2563, 1465, -935,  626, -429,  297, -208,  148, -106,   77,  -57,   42,  -32,   47,    2,
   26,   23,  -40,   71, -117,  181, -266,  377, -520,  703, -943, 1270,-1758, 2618,-4781,28821, 6356,-2594, 1484, -947,  635, -435,  302, -212,  150, -108,   78,  -58,   43,  -32,   47,    2,
   26,   23,  -40,   72, -118,  182, -268,  379, -522,  707, -948, 1278,-1769, 2635,-4812,28784, 6434,-2624, 1502, -960,  644, -442,  307, -215,  153, -109,   79,  -58,   43,  -33,   47,    2,
   26,   24,  -41,   72, -118,  183, -269,  381, -525,  711, -953, 1285,-1780, 2652,-4843,28746, 6511,-2655, 1520, -972,  652, -448,  312, -219,  155, -111,   81,  -59,   44,  -33,   47,    2,
   26,   24,  -41,   72, -119,  184, -270,  383, -528,  714, -959, 1293,-1791, 2669,-4874,28708, 6589,-2685, 1538, -985,  661, -455,  317, -222,  158, -113,   82,  -60,   44,  -33,   47,    2,
   26,   24,  -41,   73, -120,  185, -271,  385, -530,  718, -964, 1300,-1802, 2686,-4904,28669, 6667,-2715, 1557, -997,  670, -461,  321, -226,  160, -115,   83,  -61,   44,  -34,   47,    2,
   25,   24,  -42,   73, -120,  186, -273,  386, -533,  722, -969, 1307,-1813, 2703,-4934,28630, 6745,-2746, 1575,-1010,  679, -468,  326, -229,  163, -116,   84,  -61,   45,  -34,   48,    2,
   25,   25,  -42,   74, -121,  186, -274,  388, -535,  725, -974, 1315,-1824, 2720,-4964,28591, 6823,-2776, 1593,-1022,  688, -474,  331, -233,  165, -118,   85,  -62,   45,  -34,   48,    2,
   25,   25,  -42,   74, -122,  187, -275,  390, -538,  729, -979, 1322,-1834, 2737,-4994,28552, 6902,-2806, 1611,-1034,  697, -481,  336, -236,  167, -120,   86,  -63,   46,  -34,   48,    2,
   25,   25,  -42,   75, -122,  188, -276,  392, -540,  732, -984, 1329,-1845, 2753,-5023,28512, 6980,-2837, 1629,-1047,  706, -487,  340, -240,  170, -121,   88,  -64,   46,  -35,   48,    2,
   25,   25,  -43,   75, -123,  189, -278,  393, -543,  736, -989, 1336,-1855, 2769,-5052,28471, 7059,-2867, 1647,-1059,  715, -494,  345, -243,  172, -123,   89,  -64,   47,  -35,   48,    2,
   25,   26,  -43,   75, -123,  190, -279,  395, -545,  739, -994, 1343,-1866, 2785,-5081,28431, 7137,-2897, 1665,-1071,  723, -500,  350, -246,  175, -125,   90,  -65,   47,  -35,   48,    2,
   25,   26,  -43,   76, -124,  191, -280,  397, -548,  743, -999, 1350,-1876, 2802,-5109,28390, 7216,-2927, 1683,-1083,  732, -507,  355, -250,  177, -127,   91,  -66,   48,  -35,   48,    2,
   25,   26,  -44,   76, -124,  191, -281,  399, -550,  746,-1004, 1357,-1886, 2817,-5137,28349, 7295,-2957, 1701,-1096,  741, -513,  359, -253,  180, -128,   92,  -66,   48,  -36,   48,    2,
   25,   26,  -44,   77, -125,  192, -282,  400, -553,  750,-1009, 1364,-1896, 2833,-5165,28307, 7374,-2987, 1719,-1108,  750, -519,  364, -257,  182, -130,   93,  -67,   49,  -36,   48,    2,
   24,   26,  -44,   77, -126,  193, -284,  402, -555,  753,-1013, 1371,-1906, 2849,-5193,28265, 7453,-3017, 1737,-1120,  759, -526,  369, -260,  185, -132,   94,  -68,   49,  -36,   48,    2,
   24,   27,  -44,   77, -126,  194, -285,  404, -557,  756,-1018, 1378,-1916, 2864,-5220,28223, 7533,-3047, 1755,-1132,  767, -532,  373, -264,  187, -133,   96,  -69,   49,  -37,   48,    2,
   24,   27,  -45,   78, -127,  195, -286,  405, -560,  759,-1023, 1384,-1926, 2880,-5247,28180, 7612,-3077, 1773,-1144,  776, -539,  378, -267,  189, -135,   97,  -69,   50,  -37,   48,    2,
   24,   27,  -45,   78, -127,  195, -287,  407, -562,  763,-1027, 1391,-1936, 2895,-5274,28137, 7691,-3107, 1790,-1156,  785, -545,  383, -270,  192, -137,   98,  -70,   50,  -37,   48,    3,
   24,   27,  -45,   78, -128,  196, -288,  408, -564,  766,-1032, 1398,-1946, 2910,-5300,28094, 7771,-3137, 1808,-1169,  793, -551,  387, -274,  194, -138,   99,  -71,   51,  -37,   48,    3,
   24,   28,  -46,   79, -128,  197, -289,  410, -566,  769,-1036, 1404,-1955, 2925,-5326,28050, 7851,-3166, 1826,-1181,  802, -558,  392, -277,  197, -140,  100,  -72,   51,  -38,   48,    3,
   24,   28,  -46,   79, -129,  198, -290,  411, -569,  772,-1041, 1411,-1965, 2939,-5352,28006, 7931,-3196, 1843,-1193,  811, -564,  397, -281,  199, -142,  101,  -72,   52,  -38,   49,    3,
   24,   28,  -46,   80, -129,  199, -291,  413, -571,  775,-1045, 1417,-1974, 2954,-5377,27962, 8010,-3226, 1861,-1205,  819, -570,  401, -284,  201, -143,  102,  -73,   52,  -38,   49,    3,
   23,   28,  -46,   80, -130,  199, -292,  414, -573,  778,-1050, 1423,-1983, 2969,-5403,27917, 8090,-3255, 1878,-1217,  828, -577,  406, -287,  204, -145,  103,  -74,   53,  -38,   49,    3,
   23,   29,  -47,   80, -130,  200, -293,  416, -575,  781,-1054, 1430,-1993, 2983,-5428,27872, 8171,-3285, 1896,-1228,  836, -583,  411, -291,  206, -147,  105,  -74,   53,  -39,   49,    3,
   23,   29,  -47,   81, -131,  201, -294,  417, -577,  784,-1058, 1436,-2002, 2997,-5452,27827, 8251,-3314, 1913,-1240,  845, -589,  415, -294,  209, -148,  106,  -75,   53,  -39,   49,    3,
   23,   29,  -47,   81, -131,  201, -295,  419, -579,  787,-1063, 1442,-2011, 3011,-5476,27781, 8331,-3343, 1931,-1252,  854, -595,  420, -297,  211, -150,  107,  -76,   54,  -39,   49,    3,
   23,   29,  -47,   81, -132,  202, -296,  420, -581,  790,-1067, 1448,-2020, 3025,-5500,27735, 8411,-3373, 1948,-1264,  862, -602,  424, -301,  213, -152,  108,  -77,   54,  -39,   49,    3,
   23,   29,  -48,   82, -132,  203, -297,  422, -583,  793,-1071, 1454,-2029, 3039,-5524,27688, 8492,-3402, 1966,-1276,  871, -608,  429, -304,  216, -153,  109,  -77,   55,  -40,   49,    3,
   23,   30,  -48,   82, -133,  204, -298,  423, -585,  796,-1075, 1460,-2037, 3052,-5548,27642, 8572,-3431, 1983,-1288,  879, -614,  433, -307,  218, -155,  110,  -78,   55,  -40,   49,    3,
   23,   30,  -48,   82, -133,  204, -299,  425, -587,  799,-1079, 1466,-2046, 3066,-5571,27595, 8653,-3460, 2000,-1299,  887, -620,  438, -311,  221, -157,  111,  -79,   56,  -40,   49,    3,
   23,   30,  -48,   83, -134,  205, -300,  426, -589,  802,-1083, 1472,-2055, 3079,-5594,27548, 8734,-3490, 2017,-1311,  896, -626,  443, -314,  223, -158,  112,  -79,   56,  -40,   49,    3,
   22,   30,  -48,   83, -134,  206, -301,  427, -591,  805,-1087, 1477,-2063, 3092,-5616,27500, 8815,-3519, 2034,-1323,  904, -633,  447, -317,  225, -160,  113,  -80,   56,  -41,   49,    3,
   22,   30,  -49,   83, -135,  206, -302,  429, -593,  807,-1091, 1483,-2071, 3105,-5639,27452, 8896,-3548, 2051,-1334,  913, -639,  452, -320,  228, -162,  114,  -81,   57,  -41,   49,    3,
   22,   31,  -49,   84, -135,  207, -303,  430, -595,  810,-1095, 1489,-2080, 3118,-5661,27404, 8977,-3576, 2068,-1346,  921, -645,  456, -324,  230, -163,  116,  -82,   57,  -41,   49,    3,
   22,   31,  -49,   84, -136,  207, -304,  431, -597,  813,-1099, 1494,-2088, 3131,-5682,27355, 9058,-3605, 2085,-1357,  929, -651,  461, -327,  232, -165,  117,  -82,   58,  -41,   49,    3,
   22,   31,  -49,   84, -136,  208, -305,  433, -599,  815,-1103, 1500,-2096, 3144,-5704,27306, 9139,-3634, 2102,-1369,  938, -657,  465, -330,  235, -166,  118,  -83,   58,  -42,   49,    3,
   22,   31,  -50,   85, -136,  209, -306,  434, -601,  818,-1106, 1505,-2104, 3156,-5725,27257, 9220,-3663, 2119,-1380,  946, -663,  470, -334,  237, -168,  119,  -84,   59,  -42,   49,    3,
   22,   32,  -50,   85, -137,  209, -307,  435, -602,  820,-1110, 1510,-2112, 3168,-5746,27207, 9301,-3691, 2136,-1392,  954, -669,  474, -337,  239, -170,  120,  -84,   59,  -42,   49,    3,
   22,   32,  -50,   85, -137,  210, -308,  436, -604,  823,-1114, 1516,-2120, 3180,-5766,27157, 9383,-3720, 2153,-1403,  962, -675,  478, -340,  242, -171,  121,  -85,   59,  -42,   50,    3,
   22,   32,  -50,   85, -138,  210, -308,  437, -606,  825,-1117, 1521,-2128, 3192,-5786,27107, 9464,-3748, 2170,-1415,  970, -681,  483, -343,  244, -173,  122,  -86,   60,  -43,   50,    3,
   21,   32,  -51,   86, -138,  211, -309,  439, -608,  828,-1121, 1526,-2135, 3204,-5806,27057, 9546,-3777, 2186,-1426,  979, -687,  487, -347,  246, -174,  123,  -86,   60,  -43,   50,    3,
   21,   32,  -51,   86, -139,  212, -310,  440, -609,  830,-1124, 1531,-2143, 3216,-5826,27006, 9627,-3805, 2203,-1437,  987, -693,  492, -350,  248, -176,  124,  -87,   61,  -43,   50,    3,
   21,   33,  -51,   86, -139,  212, -311,  441, -611,  833,-1128, 1536,-2150, 3228,-5845,26955, 9709,-3833, 2219,-1449,  995, -699,  496, -353,  251, -178,  125,  -88,   61,  -43,   50,    3,
   21,   33,  -51,   87, -139,  213, -312,  442, -612,  835,-1131, 1541,-2158, 3239,-5865,26903, 9791,-3861, 2236,-1460, 1003, -705,  501, -356,  253, -179,  126,  -88,   61,  -43,   50,    3,
   21,   33,  -51,   87, -140,  213, -312,  443, -614,  837,-1134, 1546,-2165, 3250,-5883,26852, 9873,-3889, 2252,-1471, 1011, -711,  505, -359,  255, -181,  127,  -89,   62,  -44,   50,    3,
   21,   33,  -52,   87, -140,  214, -313,  444, -616,  840,-1138, 1551,-2172, 3261,-5902,26800, 9955,-3917, 2269,-1482, 1019, -717,  509, -362,  258, -182,  128,  -90,   62,  -44,   50,    4,
   21,   33,  -52,   87, -141,  214, -314,  445, -617,  842,-1141, 1556,-2179, 3272,-5920,26747,10037,-3945, 2285,-1493, 1027, -723,  514, -366,  260, -184,  130,  -91,   63,  -44,   50,    4,
   21,   34,  -52,   88, -141,  215, -315,  446, -619,  844,-1144, 1560,-2186, 3283,-5938,26695,10119,-3973, 2301,-1504, 1035, -729,  518, -369,  262, -186,  131,  -91,   63,  -44,   50,    4,
   21,   34,  -52,   88, -141,  215, -315,  448, -620,  846,-1147, 1565,-2193, 3294,-5956,26642,10201,-4001, 2317,-1515, 1043, -735,  522, -372,  264, -187,  132,  -92,   63,  -45,   50,    4,
   20,   34,  -52,   88, -142,  216, -316,  449, -622,  848,-1150, 1570,-2200, 3304,-5973,26588,10283,-4028, 2333,-1526, 1051, -740,  526, -375,  267, -189,  133,  -93,   64,  -45,   50,    4,
   20,   34,  -53,   89, -142,  216, -317,  450, -623,  851,-1154, 1574,-2207, 3315,-5990,26535,10365,-4056, 2349,-1537, 1059, -746,  531, -378,  269, -190,  134,  -93,   64,  -45,   50,    4,
   20,   34,  -53,   89, -142,  217, -317,  451, -625,  853,-1157, 1578,-2213, 3325,-6007,26481,10447,-4083, 2365,-1548, 1067, -752,  535, -381,  271, -192,  135,  -94,   65,  -45,   50,    4,
   20,   35,  -53,   89, -143,  217, -318,  451, -626,  855,-1160, 1583,-2220, 3335,-6024,26427,10529,-4111, 2381,-1559, 1074, -758,  539, -384,  273, -193,  136,  -95,   65,  -46,   50,    4,
   20,   35,  -53,   89, -143,  218, -319,  452, -627,  857,-1162, 1587,-2226, 3345,-6040,26372,10612,-4138, 2397,-1570, 1082, -763,  544, -388,  276, -195,  137,  -95,   65,  -46,   50,    4,
   20,   35,  -53,   90, -143,  218, -319,  453, -629,  859,-1165, 1591,-2232, 3355,-6056,26317,10694,-4165, 2413,-1580, 1090, -769,  548, -391,  278, -196,  138,  -96,   66,  -46,   50,    4,
   20,   35,  -54,   90, -144,  219, -320,  454, -630,  861,-1168, 1596,-2239, 3364,-6071,26262,10777,-4192, 2429,-1591, 1098, -775,  552, -394,  280, -198,  139,  -96,   66,  -46,   50,    4,
   20,   35,  -54,   90, -144,  219, -321,  455, -631,  862,-1171, 1600,-2245, 3374,-6087,26207,10859,-4219, 2444,-1602, 1105, -781,  556, -397,  282, -199,  140,  -97,   67,  -46,   50,    4,
   20,   35,  -54,   90, -144,  220, -321,  456, -633,  864,-1174, 1604,-2251, 3383,-6102,26151,10942,-4246, 2460,-1612, 1113, -786,  560, -400,  284, -201,  141,  -98,   67,  -47,   50,    4,
   19,   36,  -54,   90, -145,  220, -322,  457, -634,  866,-1176, 1608,-2257, 3392,-6117,26095,11024,-4273, 2476,-1623, 1120, -792,  564, -403,  286, -203,  142,  -98,   67,  -47,   50,    4,
   19,   36,  -54,   91, -145,  220, -323,  458, -635,  868,-1179, 1611,-2263, 3401,-6131,26039,11107,-4299, 2491,-1633, 1128, -797,  569, -406,  289, -204,  143,  -99,   68,  -47,   50,    4,
   19,   36,  -54,   91, -145,  221, -323,  459, -636,  870,-1182, 1615,-2268, 3410,-6145,25983,11189,-4326, 2506,-1644, 1136, -803,  573, -409,  291, -206,  144, -100,   68,  -47,   50,    4,
   19,   36,  -55,   91, -145,  221, -324,  459, -637,  871,-1184, 1619,-2274, 3419,-6159,25926,11272,-4352, 2522,-1654, 1143, -808,  577, -412,  293, -207,  145, -100,   69,  -48,   50,    4,
   19,   36,  -55,   91, -146,  222, -324,  460, -639,  873,-1187, 1623,-2280, 3428,-6173,25869,11355,-4379, 2537,-1664, 1151, -814,  581, -415,  295, -209,  146, -101,   69,  -48,   50,    4,
   19,   37,  -55,   92, -146,  222, -325,  461, -640,  875,-1189, 1626,-2285, 3436,-6186,25811,11437,-4405, 2552,-1675, 1158, -820,  585, -418,  297, -210,  147, -102,   69,  -48,   50,    4,
   19,   37,  -55,   92, -146,  222, -325,  462, -641,  876,-1191, 1630,-2290, 3444,-6200,25754,11520,-4431, 2567,-1685, 1165, -825,  589, -421,  299, -211,  148, -102,   70,  -48,   50,    4,
   19,   37,  -55,   92, -147,  223, -326,  462, -642,  878,-1194, 1633,-2296, 3453,-6212,25696,11603,-4457, 2582,-1695, 1173, -830,  593, -424,  302, -213,  149, -103,   70,  -48,   51,    4,
   19,   37,  -55,   92, -147,  223, -326,  463, -643,  879,-1196, 1637,-2301, 3461,-6225,25637,11686,-4483, 2597,-1705, 1180, -836,  597, -427,  304, -214,  150, -104,   70,  -49,   51,    4,
   19,   37,  -56,   92, -147,  223, -327,  464, -644,  881,-1198, 1640,-2306, 3468,-6237,25579,11769,-4509, 2612,-1715, 1187, -841,  601, -430,  306, -216,  151, -104,   71,  -49,   51,    4,
   18,   37,  -56,   93, -147,  224, -327,  464, -645,  882,-1200, 1643,-2311, 3476,-6249,25520,11852,-4535, 2627,-1725, 1195, -847,  605, -433,  308, -217,  152, -105,   71,  -49,   51,    5,
   18,   38,  -56,   93, -148,  224, -328,  465, -646,  884,-1203, 1647,-2316, 3484,-6261,25461,11934,-4560, 2641,-1735, 1202, -852,  609, -435,  310, -219,  153, -105,   72,  -49,   51,    5,
   18,   38,  -56,   93, -148,  224, -328,  466, -647,  885,-1205, 1650,-2320, 3491,-6272,25402,12017,-4586, 2656,-1745, 1209, -857,  613, -438,  312, -220,  154, -106,   72,  -49,   51,    5,
   18,   38,  -56,   93, -148,  225, -328,  466, -648,  887,-1207, 1653,-2325, 3498,-6284,25342,12100,-4611, 2671,-1755, 1216, -863,  617, -441,  314, -222,  155, -107,   72,  -50,   51,    5,
   18,   38,  -56,   93, -148,  225, -329,  467, -649,  888,-1209, 1656,-2330, 3505,-6294,25282,12183,-4637, 2685,-1765, 1223, -868,  621, -444,  316, -223,  156, -107,   73,  -50,   51,    5,
   18,   38,  -57,   93, -148,  225, -329,  467, -649,  889,-1211, 1659,-2334, 3512,-6305,25222,12266,-4662, 2700,-1775, 1230, -873,  625, -447,  318, -225,  157, -108,   73,  -50,   51,    5,
   18,   38,  -57,   94, -149,  226, -330,  468, -650,  890,-1213, 1662,-2339, 3519,-6315,25162,12349,-4687, 2714,-1785, 1238, -878,  629, -450,  320, -226,  158, -108,   73,  -50,   51,    5,
   18,   39,  -57,   94, -149,  226, -330,  469, -651,  892,-1214, 1665,-2343, 3526,-6325,25101,12432,-4712, 2728,-1794, 1245, -883,  632, -453,  322, -227,  159, -109,   74,  -50,   51,    5,
   18,   39,  -57,   94, -149,  226, -330,  469, -652,  893,-1216, 1667,-2347, 3532,-6335,25040,12515,-4736, 2742,-1804, 1251, -889,  636, -455,  324, -229,  160, -110,   74,  -51,   51,    5,
   17,   39,  -57,   94, -149,  226, -331,  470, -653,  894,-1218, 1670,-2351, 3539,-6345,24979,12598,-4761, 2756,-1813, 1258, -894,  640, -458,  326, -230,  160, -110,   74,  -51,   51,    5,
   17,   39,  -57,   94, -149,  227, -331,  470, -653,  895,-1220, 1673,-2355, 3545,-6354,24917,12681,-4786, 2770,-1823, 1265, -899,  644, -461,  328, -232,  161, -111,   75,  -51,   51,    5,
   17,   39,  -57,   94, -150,  227, -331,  471, -654,  896,-1221, 1675,-2359, 3551,-6363,24855,12764,-4810, 2784,-1832, 1272, -904,  648, -464,  330, -233,  162, -111,   75,  -51,   51,    5,
   17,   39,  -57,   95, -150,  227, -332,  471, -655,  897,-1223, 1678,-2363, 3557,-6372,24793,12848,-4834, 2798,-1842, 1279, -909,  651, -466,  332, -234,  163, -112,   76,  -51,   51,    5,
   17,   40,  -58,   95, -150,  227, -332,  471, -655,  898,-1224, 1680,-2367, 3563,-6380,24731,12931,-4859, 2812,-1851, 1286, -914,  655, -469,  334, -236,  164, -113,   76,  -51,   51,    5,
   17,   40,  -58,   95, -150,  227, -332,  472, -656,  899,-1226, 1682,-2370, 3568,-6388,24669,13014,-4883, 2825,-1860, 1292, -919,  659, -472,  336, -237,  165, -113,   76,  -52,   51,    5,
   17,   40,  -58,   95, -150,  228, -333,  472, -657,  900,-1227, 1685,-2374, 3574,-6396,24606,13097,-4907, 2839,-1869, 1299, -924,  662, -475,  338, -238,  166, -114,   77,  -52,   51,    5,
   17,   40,  -58,   95, -151,  228, -333,  473, -657,  901,-1229, 1687,-2377, 3579,-6404,24543,13180,-4930, 2853,-1879, 1306, -929,  666, -477,  340, -240,  167, -114,   77,  -52,   51,    5,
   17,   40,  -58,   95, -151,  228, -333,  473, -658,  902,-1230, 1689,-2380, 3584,-6411,24479,13263,-4954, 2866,-1888, 1312, -934,  670, -480,  342, -241,  168, -115,   77,  -52,   51,    5,
   17,   40,  -58,   95, -151,  228, -333,  473, -658,  903,-1231, 1691,-2384, 3589,-6418,24416,13346,-4977, 2879,-1897, 1319, -939,  673, -483,  344, -242,  169, -115,   78,  -52,   51,    5,
   16,   41,  -58,   95, -151,  228, -333,  474, -659,  903,-1233, 1693,-2387, 3594,-6425,24352,13429,-5001, 2892,-1906, 1325, -943,  677, -485,  346, -244,  170, -116,   78,  -53,   51,    5,
   16,   41,  -58,   96, -151,  229, -334,  474, -659,  904,-1234, 1695,-2390, 3599,-6431,24288,13512,-5024, 2906,-1915, 1332, -948,  681, -488,  348, -245,  170, -117,   78,  -53,   51,    6,
   16,   41,  -59,   96, -151,  229, -334,  474, -660,  905,-1235, 1697,-2393, 3603,-6438,24224,13595,-5047, 2919,-1923, 1338, -953,  684, -491,  350, -246,  171, -117,   79,  -53,   51,    6,
   16,   41,  -59,   96, -151,  229, -334,  474, -660,  906,-1236, 1698,-2396, 3608,-6443,24159,13678,-5070, 2932,-1932, 1345, -958,  688, -493,  351, -248,  172, -118,   79,  -53,   51,    6,
   16,   41,  -59,   96, -151,  229, -334,  475, -660,  906,-1237, 1700,-2398, 3612,-6449,24094,13761,-5093, 2944,-1941, 1351, -962,  691, -496,  353, -249,  173, -118,   79,  -53,   51,    6,
   16,   41,  -59,   96, -152,  229, -334,  475, -661,  907,-1238, 1702,-2401, 3616,-6455,24029,13844,-5116, 2957,-1950, 1357, -967,  695, -498,  355, -250,  174, -119,   80,  -53,   51,    6,
   16,   41,  -59,   96, -152,  229, -335,  475, -661,  907,-1239, 1703,-2403, 3620,-6460,23964,13927,-5138, 2970,-1958, 1363, -972,  698, -501,  357, -252,  175, -119,   80,  -54,   51,    6,
   16,   42,  -59,   96, -152,  229, -335,  475, -661,  908,-1240, 1705,-2406, 3624,-6465,23898,14010,-5161, 2982,-1967, 1370, -976,  702, -503,  359, -253,  176, -120,   80,  -54,   51,    6,
   16,   42,  -59,   96, -152,  229, -335,  475, -662,  908,-1241, 1706,-2408, 3628,-6469,23833,14093,-5183, 2995,-1975, 1376, -981,  705, -506,  361, -254,  177, -120,   80,  -54,   51,    6,
   16,   42,  -59,   96, -152,  229, -335,  476, -662,  909,-1242, 1708,-2411, 3631,-6474,23767,14176,-5205, 3007,-1984, 1382, -986,  708, -509,  362, -255,  177, -121,   81,  -54,   51,    6,
   15,   42,  -59,   97, -152,  230, -335,  476, -662,  909,-1243, 1709,-2413, 3635,-6478,23700,14258,-5227, 3020,-1992, 1388, -990,  712, -511,  364, -257,  178, -121,   81,  -54,   51,    6,
   15,   42,  -59,   97, -152,  230, -335,  476, -662,  910,-1243, 1710,-2415, 3638,-6482,23634,14341,-5249, 3032,-2000, 1394, -995,  715, -513,  366, -258,  179, -122,   81,  -54,   51,    6,
   15,   42,  -59,   97, -152,  230, -335,  476, -663,  910,-1244, 1711,-2417, 3641,-6485,23567,14424,-5271, 3044,-2008, 1400, -999,  718, -516,  368, -259,  180, -123,   82,  -55,   51,    6,
   15,   42,  -60,   97, -152,  230, -335,  476, -663,  910,-1245, 1713,-2419, 3644,-6489,23500,14507,-5292, 3056,-2017, 1406,-1003,  722, -518,  370, -260,  181, -123,   82,  -55,   51,    6,
   15,   43,  -60,   97, -152,  230, -335,  476, -663,  911,-1245, 1714,-2420, 3647,-6492,23433,14590,-5314, 3068,-2025, 1412,-1008,  725, -521,  371, -262,  182, -124,   82,  -55,   51,    6,
   15,   43,  -60,   97, -152,  230, -335,  476, -663,  911,-1246, 1715,-2422, 3649,-6494,23365,14672,-5335, 3080,-2033, 1418,-1012,  728, -523,  373, -263,  182, -124,   83,  -55,   51,    6,
   15,   43,  -60,   97, -152,  230, -335,  476, -663,  911,-1246, 1715,-2424, 3652,-6497,23298,14755,-5356, 3091,-2041, 1423,-1017,  732, -526,  375, -264,  183, -125,   83,  -55,   51,    6,
   15,   43,  -60,   97, -152,  230, -335,  476, -663,  911,-1247, 1716,-2425, 3654,-6499,23230,14838,-5377, 3103,-2048, 1429,-1021,  735, -528,  377, -265,  184, -125,   83,  -55,   51,    6,
   15,   43,  -60,   97, -152,  230, -335,  476, -663,  912,-1247, 1717,-2426, 3656,-6501,23162,14920,-5398, 3114,-2056, 1435,-1025,  738, -530,  378, -266,  185, -126,   83,  -55,   51,    6,
   15,   43,  -60,   97, -152,  230, -335,  476, -663,  912,-1247, 1718,-2428, 3658,-6503,23094,15003,-5418, 3126,-2064, 1440,-1029,  741, -533,  380, -268,  186, -126,   84,  -56,   51,    7,
   15,   43,  -60,   97, -152,  230, -335,  476, -663,  912,-1247, 1718,-2429, 3660,-6505,23025,15085,-5439, 3137,-2072, 1446,-1034,  744, -535,  382, -269,  186, -127,   84,  -56,   51,    7,
   14,   44,  -60,   97, -152,  230, -335,  476, -663,  912,-1248, 1719,-2430, 3662,-6506,22956,15168,-5459, 3148,-2079, 1452,-1038,  747, -537,  383, -270,  187, -127,   84,  -56,   51,    7,
   14,   44,  -60,   97, -152,  230, -335,  476, -663,  912,-1248, 1719,-2431, 3664,-6507,22887,15250,-5479, 3159,-2087, 1457,-1042,  750, -540,  385, -271,  188, -128,   85,  -56,   51,    7,
   14,   44,  -60,   97, -152,  230, -335,  476, -663,  912,-1248, 1720,-2432, 3665,-6508,22818,15332,-5499, 3170,-2094, 1463,-1046,  754, -542,  387, -272,  189, -128,   85,  -56,   51,    7,
   14,   44,  -60,   97, -152,  230, -335,  476, -663,  912,-1248, 1720,-2433, 3667,-6508,22749,15415,-5519, 3181,-2102, 1468,-1050,  757, -544,  388, -273,  189, -128,   85,  -56,   51,    7,
   14,   44,  -60,   97, -152,  230, -335,  476, -663,  912,-1248, 1721,-2433, 3668,-6508,22679,15497,-5539, 3192,-2109, 1473,-1054,  760, -546,  390, -275,  190, -129,   85,  -56,   51,    7,
   14,   44,  -60,   97, -152,  230, -335,  475, -662,  911,-1248, 1721,-2434, 3669,-6508,22609,15579,-5558, 3203,-2116, 1479,-1058,  763, -549,  391, -276,  191, -129,   86,  -57,   51,    7,
   14,   44,  -60,   97, -152,  229, -334,  475, -662,  911,-1248, 1721,-2435, 3670,-6508,22539,15661,-5577, 3213,-2123, 1484,-1062,  766, -551,  393, -277,  192, -130,   86,  -57,   51,    7,
   14,   44,  -61,   97, -152,  229, -334,  475, -662,  911,-1248, 1721,-2435, 3670,-6507,22469,15744,-5597, 3224,-2130, 1489,-1066,  768, -553,  395, -278,  192, -130,   86,  -57,   51,    7,
   14,   45,  -61,   97, -152,  229, -334,  475, -662,  911,-1248, 1721,-2435, 3671,-6507,22398,15826,-5616, 3234,-2137, 1494,-1070,  771, -555,  396, -279,  193, -131,   86,  -57,   51,    7,
   14,   45,  -61,   97, -152,  229, -334,  475, -661,  911,-1248, 1721,-2436, 3672,-6506,22328,15908,-5634, 3244,-2144, 1499,-1073,  774, -557,  398, -280,  194, -131,   87,  -57,   51,    7,
   14,   45,  -61,   97, -152,  229, -334,  474, -661,  910,-1247, 1721,-2436, 3672,-6504,22257,15989,-5653, 3255,-2151, 1504,-1077,  777, -559,  399, -281,  195, -132,   87,  -57,   51,    7,
   13,   45,  -61,   97, -152,  229, -334,  474, -661,  910,-1247, 1721,-2436, 3672,-6503,22186,16071,-5671, 3265,-2158, 1509,-1081,  780, -562,  401, -282,  195, -132,   87,  -57,   50,    7,
   13,   45,  -61,   97, -152,  229, -333,  474, -661,  909,-1247, 1721,-2436, 3672,-6501,22114,16153,-5690, 3275,-2165, 1514,-1085,  783, -564,  402, -283,  196, -133,   87,  -57,   50,    7,
   13,   45,  -61,   97, -152,  229, -333,  473, -660,  909,-1246, 1720,-2436, 3672,-6499,22043,16235,-5708, 3284,-2171, 1519,-1088,  786, -566,  404, -284,  197, -133,   88,  -58,   50,    7,
   13,   45,  -61,   97, -152,  229, -333,  473, -660,  909,-1246, 1720,-2435, 3672,-6497,21971,16317,-5726, 3294,-2178, 1524,-1092,  788, -568,  405, -285,  197, -133,   88,  -58,   50,    8,
   13,   45,  -61,   97, -152,  228, -333,  473, -659,  908,-1245, 1719,-2435, 3671,-6494,21899,16398,-5744, 3304,-2184, 1529,-1096,  791, -570,  407, -286,  198, -134,   88,  -58,   50,    8,
   13,   45,  -61,   97, -152,  228, -333,  472, -659,  908,-1245, 1719,-2435, 3671,-6492,21827,16480,-5761, 3313,-2191, 1533,-1099,  794, -572,  408, -287,  199, -134,   88,  -58,   50,    8,
   13,   46,  -61,   97, -152,  228, -332,  472, -658,  907,-1244, 1718,-2434, 3670,-6489,21755,16561,-5779, 3323,-2197, 1538,-1103,  796, -574,  410, -288,  199, -135,   89,  -58,   50,    8,
   13,   46,  -61,   97, -152,  228, -332,  472, -658,  906,-1244, 1718,-2434, 3669,-6485,21683,16642,-5796, 3332,-2204, 1543,-1106,  799, -576,  411, -289,  200, -135,   89,  -58,   50,    8,
   13,   46,  -61,   97, -152,  228, -332,  471, -657,  906,-1243, 1717,-2433, 3669,-6482,21610,16724,-5813, 3341,-2210, 1547,-1110,  802, -578,  413, -290,  201, -136,   89,  -58,   50,    8,
   13,   46,  -61,   97, -152,  228, -331,  471, -657,  905,-1242, 1716,-2432, 3667,-6478,21537,16805,-5830, 3350,-2216, 1552,-1113,  804, -580,  414, -291,  201, -136,   89,  -58,   50,    8,
   13,   46,  -61,   97, -151,  227, -331,  470, -656,  905,-1241, 1715,-2431, 3666,-6474,21464,16886,-5847, 3359,-2222, 1556,-1116,  807, -582,  415, -292,  202, -136,   90,  -58,   50,    8,
   12,   46,  -61,   97, -151,  227, -331,  470, -656,  904,-1241, 1715,-2430, 3665,-6470,21391,16967,-5863, 3368,-2228, 1561,-1120,  809, -583,  417, -293,  203, -137,   90,  -59,   50,    8,
   12,   46,  -61,   97, -151,  227, -330,  469, -655,  903,-1240, 1714,-2429, 3663,-6466,21317,17048,-5880, 3377,-2234, 1565,-1123,  812, -585,  418, -294,  203, -137,   90,  -59,   50,    8,
   12,   46,  -61,   97, -151,  227, -330,  469, -654,  902,-1239, 1713,-2428, 3662,-6461,21244,17129,-5896, 3385,-2240, 1569,-1126,  814, -587,  419, -295,  204, -137,   90,  -59,   50,    8,
   12,   46,  -61,   97, -151,  227, -330,  468, -654,  901,-1238, 1711,-2427, 3660,-6456,21170,17210,-5912, 3394,-2245, 1573,-1130,  817, -589,  421, -296,  205, -138,   90,  -59,   50,    8,
   12,   46,  -61,   97, -151,  226, -329,  468, -653,  901,-1237, 1710,-2425, 3658,-6451,21096,17290,-5928, 3402,-2251, 1578,-1133,  819, -591,  422, -297,  205, -138,   91,  -59,   50,    8,
   12,   47,  -61,   97, -151,  226, -329,  467, -652,  900,-1236, 1709,-2424, 3656,-6445,21022,17371,-5943, 3410,-2257, 1582,-1136,  822, -593,  423, -298,  206, -139,   91,  -59,   50,    8,
   12,   47,  -61,   97, -151,  226, -329,  467, -652,  899,-1235, 1708,-2422, 3654,-6440,20948,17451,-5959, 3418,-2262, 1586,-1139,  824, -594,  425, -299,  206, -139,   91,  -59,   50,    8,
   12,   47,  -61,   97, -150,  226, -328,  466, -651,  898,-1234, 1706,-2421, 3651,-6434,20873,17532,-5974, 3426,-2267, 1590,-1142,  826, -596,  426, -300,  207, -139,   91,  -59,   50,    9,
   12,   47,  -61,   97, -150,  225, -328,  466, -650,  897,-1232, 1705,-2419, 3649,-6428,20799,17612,-5989, 3434,-2273, 1594,-1145,  829, -598,  427, -301,  208, -140,   91,  -59,   50,    9,
   12,   47,  -61,   97, -150,  225, -327,  465, -649,  896,-1231, 1704,-2417, 3646,-6421,20724,17692,-6004, 3442,-2278, 1598,-1148,  831, -600,  428, -302,  208, -140,   92,  -59,   50,    9,
   12,   47,  -61,   97, -150,  225, -327,  464, -648,  895,-1230, 1702,-2415, 3644,-6415,20649,17772,-6018, 3450,-2283, 1602,-1151,  833, -601,  430, -302,  209, -140,   92,  -59,   50,    9,
   12,   47,  -61,   97, -150,  224, -326,  464, -647,  894,-1228, 1700,-2413, 3641,-6408,20574,17852,-6033, 3457,-2288, 1605,-1154,  835, -603,  431, -303,  209, -141,   92,  -60,   50,    9,
   11,   47,  -61,   97, -150,  224, -326,  463, -647,  893,-1227, 1699,-2411, 3638,-6401,20499,17932,-6047, 3464,-2293, 1609,-1157,  838, -605,  432, -304,  210, -141,   92,  -60,   50,    9,
   11,   47,  -61,   96, -149,  224, -325,  462, -646,  891,-1226, 1697,-2409, 3635,-6394,20423,18012,-6061, 3472,-2298, 1613,-1160,  840, -606,  433, -305,  210, -141,   92,  -60,   50,    9,
   11,   47,  -61,   96, -149,  223, -325,  462, -645,  890,-1224, 1695,-2407, 3631,-6386,20347,18092,-6075, 3479,-2303, 1616,-1162,  842, -608,  434, -306,  211, -142,   93,  -60,   49,    9,
   11,   47,  -61,   96, -149,  223, -324,  461, -644,  889,-1223, 1693,-2404, 3628,-6379,20272,18171,-6089, 3486,-2308, 1620,-1165,  844, -609,  436, -307,  211, -142,   93,  -60,   49,    9,
   11,   48,  -61,   96, -149,  223, -324,  460, -643,  888,-1221, 1691,-2402, 3624,-6371,20196,18251,-6102, 3493,-2313, 1623,-1168,  846, -611,  437, -307,  212, -142,   93,  -60,   49,    9,
   11,   48,  -61,   96, -149,  222, -323,  460, -642,  886,-1220, 1689,-2399, 3621,-6363,20120,18330,-6115, 3500,-2317, 1627,-1170,  848, -612,  438, -308,  212, -143,   93,  -60,   49,    9,
   11,   48,  -61,   96, -149,  222, -323,  459, -641,  885,-1218, 1687,-2397, 3617,-6354,20043,18409,-6128, 3506,-2322, 1630,-1173,  850, -614,  439, -309,  213, -143,   93,  -60,   49,    9,
   11,   48,  -61,   96, -148,  222, -322,  458, -640,  884,-1216, 1685,-2394, 3613,-6346,19967,18488,-6141, 3513,-2326, 1634,-1176,  852, -616,  440, -310,  214, -143,   93,  -60,   49,    9,
   11,   48,  -61,   96, -148,  221, -322,  457, -639,  882,-1214, 1683,-2391, 3609,-6337,19890,18567,-6154, 3519,-2330, 1637,-1178,  854, -617,  441, -311,  214, -144,   94,  -60,   49,    9,
   11,   48,  -61,   96, -148,  221, -321,  456, -638,  881,-1213, 1681,-2388, 3604,-6328,19814,18646,-6166, 3526,-2335, 1640,-1181,  856, -618,  442, -311,  214, -144,   94,  -60,   49,   10,
   11,   48,  -61,   96, -148,  221, -321,  456, -636,  880,-1211, 1679,-2385, 3600,-6319,19737,18725,-6179, 3532,-2339, 1643,-1183,  858, -620,  443, -312,  215, -144,   94,  -60,   49,   10,
   11,   48,  -61,   96, -147,  220, -320,  455, -635,  878,-1209, 1676,-2382, 3596,-6309,19660,18804,-6191, 3538,-2343, 1646,-1185,  860, -621,  444, -313,  215, -145,   94,  -60,   49,   10,
   10,   48,  -61,   95, -147,  220, -319,  454, -634,  877,-1207, 1674,-2379, 3591,-6299,19583,18882,-6202, 3544,-2347, 1649,-1188,  861, -623,  445, -313,  216, -145,   94,  -60,   49,   10,
   10,   48,  -61,   95, -147,  219, -319,  453, -633,  875,-1205, 1671,-2376, 3586,-6289,19505,18961,-6214, 3549,-2351, 1652,-1190,  863, -624,  446, -314,  216, -145,   94,  -60,   49,   10,
   10,   48,  -61,   95, -147,  219, -318,  452, -632,  873,-1203, 1669,-2373, 3581,-6279,19428,19039,-6225, 3555,-2355, 1655,-1192,  865, -625,  447, -315,  217, -145,   94,  -61,   49,   10,
   10,   48,  -61,   95, -146,  219, -318,  451, -631,  872,-1201, 1666,-2369, 3576,-6269,19350,19117,-6237, 3561,-2359, 1658,-1195,  867, -627,  448, -316,  217, -146,   95,  -61,   49,   10,
   10,   49,  -61,   95, -146,  218, -317,  450, -629,  870,-1199, 1664,-2366, 3571,-6258,19273,19195,-6248, 3566,-2362, 1661,-1197,  868, -628,  449, -316,  218, -146,   95,  -61,   49,   10,
   10,   49,  -61,   95, -146,  218, -316,  449, -628,  868,-1197, 1661,-2362, 3566,-6248,19195,19273,-6258, 3571,-2366, 1664,-1199,  870, -629,  450, -317,  218, -146,   95,  -61,   49,   10,
   10,   49,  -61,   95, -146,  217, -316,  448, -627,  867,-1195, 1658,-2359, 3561,-6237,19117,19350,-6269, 3576,-2369, 1666,-1201,  872, -631,  451, -318,  219, -146,   95,  -61,   48,   10,
   10,   49,  -61,   94, -145,  217, -315,  447, -625,  865,-1192, 1655,-2355, 3555,-6225,19039,19428,-6279, 3581,-2373, 1669,-1203,  873, -632,  452, -318,  219, -147,   95,  -61,   48,   10,
   10,   49,  -60,   94, -145,  216, -314,  446, -624,  863,-1190, 1652,-2351, 3549,-6214,18961,19505,-6289, 3586,-2376, 1671,-1205,  875, -633,  453, -319,  219, -147,   95,  -61,   48,   10,
   10,   49,  -60,   94, -145,  216, -313,  445, -623,  861,-1188, 1649,-2347, 3544,-6202,18882,19583,-6299, 3591,-2379, 1674,-1207,  877, -634,  454, -319,  220, -147,   95,  -61,   48,   10,
   10,   49,  -60,   94, -145,  215, -313,  444, -621,  860,-1185, 1646,-2343, 3538,-6191,18804,19660,-6309, 3596,-2382, 1676,-1209,  878, -635,  455, -320,  220, -147,   96,  -61,   48,   11,
   10,   49,  -60,   94, -144,  215, -312,  443, -620,  858,-1183, 1643,-2339, 3532,-6179,18725,19737,-6319, 3600,-2385, 1679,-1211,  880, -636,  456, -321,  221, -148,   96,  -61,   48,   11,
   10,   49,  -60,   94, -144,  214, -311,  442, -618,  856,-1181, 1640,-2335, 3526,-6166,18646,19814,-6328, 3604,-2388, 1681,-1213,  881, -638,  456, -321,  221, -148,   96,  -61,   48,   11,
    9,   49,  -60,   94, -144,  214, -311,  441, -617,  854,-1178, 1637,-2330, 3519,-6154,18567,19890,-6337, 3609,-2391, 1683,-1214,  882, -639,  457, -322,  221, -148,   96,  -61,   48,   11,
    9,   49,  -60,   93, -143,  214, -310,  440, -616,  852,-1176, 1634,-2326, 3513,-6141,18488,19967,-6346, 3613,-2394, 1685,-1216,  884, -640,  458, -322,  222, -148,   96,  -61,   48,   11,
    9,   49,  -60,   93, -143,  213, -309,  439, -614,  850,-1173, 1630,-2322, 3506,-6128,18409,20043,-6354, 3617,-2397, 1687,-1218,  885, -641,  459, -323,  222, -149,   96,  -61,   48,   11,
    9,   49,  -60,   93, -143,  212, -308,  438, -612,  848,-1170, 1627,-2317, 3500,-6115,18330,20120,-6363, 3621,-2399, 1689,-1220,  886, -642,  460, -323,  222, -149,   96,  -61,   48,   11,
    9,   49,  -60,   93, -142,  212, -307,  437, -611,  846,-1168, 1623,-2313, 3493,-6102,18251,20196,-6371, 3624,-2402, 1691,-1221,  888, -643,  460, -324,  223, -149,   96,  -61,   48,   11,
    9,   49,  -60,   93, -142,  211, -307,  436, -609,  844,-1165, 1620,-2308, 3486,-6089,18171,20272,-6379, 3628,-2404, 1693,-1223,  889, -644,  461, -324,  223, -149,   96,  -61,   47,   11,
    9,   49,  -60,   93, -142,  211, -306,  434, -608,  842,-1162, 1616,-2303, 3479,-6075,18092,20347,-6386, 3631,-2407, 1695,-1224,  890, -645,  462, -325,  223, -149,   96,  -61,   47,   11,
    9,   50,  -60,   92, -141,  210, -305,  433, -606,  840,-1160, 1613,-2298, 3472,-6061,18012,20423,-6394, 3635,-2409, 1697,-1226,  891, -646,  462, -325,  224, -149,   96,  -61,   47,   11,
    9,   50,  -60,   92, -141,  210, -304,  432, -605,  838,-1157, 1609,-2293, 3464,-6047,17932,20499,-6401, 3638,-2411, 1699,-1227,  893, -647,  463, -326,  224, -150,   97,  -61,   47,   11,
    9,   50,  -60,   92, -141,  209, -303,  431, -603,  835,-1154, 1605,-2288, 3457,-6033,17852,20574,-6408, 3641,-2413, 1700,-1228,  894, -647,  464, -326,  224, -150,   97,  -61,   47,   12,
    9,   50,  -59,   92, -140,  209, -302,  430, -601,  833,-1151, 1602,-2283, 3450,-6018,17772,20649,-6415, 3644,-2415, 1702,-1230,  895, -648,  464, -327,  225, -150,   97,  -61,   47,   12,
    9,   50,  -59,   92, -140,  208, -302,  428, -600,  831,-1148, 1598,-2278, 3442,-6004,17692,20724,-6421, 3646,-2417, 1704,-1231,  896, -649,  465, -327,  225, -150,   97,  -61,   47,   12,
    9,   50,  -59,   91, -140,  208, -301,  427, -598,  829,-1145, 1594,-2273, 3434,-5989,17612,20799,-6428, 3649,-2419, 1705,-1232,  897, -650,  466, -328,  225, -150,   97,  -61,   47,   12,
    9,   50,  -59,   91, -139,  207, -300,  426, -596,  826,-1142, 1590,-2267, 3426,-5974,17532,20873,-6434, 3651,-2421, 1706,-1234,  898, -651,  466, -328,  226, -150,   97,  -61,   47,   12,
    8,   50,  -59,   91, -139,  206, -299,  425, -594,  824,-1139, 1586,-2262, 3418,-5959,17451,20948,-6440, 3654,-2422, 1708,-1235,  899, -652,  467, -329,  226, -151,   97,  -61,   47,   12,
    8,   50,  -59,   91, -139,  206, -298,  423, -593,  822,-1136, 1582,-2257, 3410,-5943,17371,21022,-6445, 3656,-2424, 1709,-1236,  900, -652,  467, -329,  226, -151,   97,  -61,   47,   12,
    8,   50,  -59,   91, -138,  205, -297,  422, -591,  819,-1133, 1578,-2251, 3402,-5928,17290,21096,-6451, 3658,-2425, 1710,-1237,  901, -653,  468, -329,  226, -151,   97,  -61,   46,   12,
    8,   50,  -59,   90, -138,  205, -296,  421, -589,  817,-1130, 1573,-2245, 3394,-5912,17210,21170,-6456, 3660,-2427, 1711,-1238,  901, -654,  468, -330,  227, -151,   97,  -61,   46,   12,
    8,   50,  -59,   90, -137,  204, -295,  419, -587,  814,-1126, 1569,-2240, 3385,-5896,17129,21244,-6461, 3662,-2428, 1713,-1239,  902, -654,  469, -330,  227, -151,   97,  -61,   46,   12,
    8,   50,  -59,   90, -137,  203, -294,  418, -585,  812,-1123, 1565,-2234, 3377,-5880,17048,21317,-6466, 3663,-2429, 1714,-1240,  903, -655,  469, -330,  227, -151,   97,  -61,   46,   12,
    8,   50,  -59,   90, -137,  203, -293,  417, -583,  809,-1120, 1561,-2228, 3368,-5863,16967,21391,-6470, 3665,-2430, 1715,-1241,  904, -656,  470, -331,  227, -151,   97,  -61,   46,   12,
    8,   50,  -58,   90, -136,  202, -292,  415, -582,  807,-1116, 1556,-2222, 3359,-5847,16886,21464,-6474, 3666,-2431, 1715,-1241,  905, -656,  470, -331,  227, -151,   97,  -61,   46,   13,
    8,   50,  -58,   89, -136,  201, -291,  414, -580,  804,-1113, 1552,-2216, 3350,-5830,16805,21537,-6478, 3667,-2432, 1716,-1242,  905, -657,  471, -331,  228, -152,   97,  -61,   46,   13,
    8,   50,  -58,   89, -136,  201, -290,  413, -578,  802,-1110, 1547,-2210, 3341,-5813,16724,21610,-6482, 3669,-2433, 1717,-1243,  906, -657,  471, -332,  228, -152,   97,  -61,   46,   13,
    8,   50,  -58,   89, -135,  200, -289,  411, -576,  799,-1106, 1543,-2204, 3332,-5796,16642,21683,-6485, 3669,-2434, 1718,-1244,  906, -658,  472, -332,  228, -152,   97,  -61,   46,   13,
    8,   50,  -58,   89, -135,  199, -288,  410, -574,  796,-1103, 1538,-2197, 3323,-5779,16561,21755,-6489, 3670,-2434, 1718,-1244,  907, -658,  472, -332,  228, -152,   97,  -61,   46,   13,
    8,   50,  -58,   88, -134,  199, -287,  408, -572,  794,-1099, 1533,-2191, 3313,-5761,16480,21827,-6492, 3671,-2435, 1719,-1245,  908, -659,  472, -333,  228, -152,   97,  -61,   45,   13,
    8,   50,  -58,   88, -134,  198, -286,  407, -570,  791,-1096, 1529,-2184, 3304,-5744,16398,21899,-6494, 3671,-2435, 1719,-1245,  908, -659,  473, -333,  228, -152,   97,  -61,   45,   13,
    8,   50,  -58,   88, -133,  197, -285,  405, -568,  788,-1092, 1524,-2178, 3294,-5726,16317,21971,-6497, 3672,-2435, 1720,-1246,  909, -660,  473, -333,  229, -152,   97,  -61,   45,   13,
    7,   50,  -58,   88, -133,  197, -284,  404, -566,  786,-1088, 1519,-2171, 3284,-5708,16235,22043,-6499, 3672,-2436, 1720,-1246,  909, -660,  473, -333,  229, -152,   97,  -61,   45,   13,
    7,   50,  -57,   87, -133,  196, -283,  402, -564,  783,-1085, 1514,-2165, 3275,-5690,16153,22114,-6501, 3672,-2436, 1721,-1247,  909, -661,  474, -333,  229, -152,   97,  -61,   45,   13,
    7,   50,  -57,   87, -132,  195, -282,  401, -562,  780,-1081, 1509,-2158, 3265,-5671,16071,22186,-6503, 3672,-2436, 1721,-1247,  910, -661,  474, -334,  229, -152,   97,  -61,   45,   13,
    7,   51,  -57,   87, -132,  195, -281,  399, -559,  777,-1077, 1504,-2151, 3255,-5653,15989,22257,-6504, 3672,-2436, 1721,-1247,  910, -661,  474, -334,  229, -152,   97,  -61,   45,   14,
    7,   51,  -57,   87, -131,  194, -280,  398, -557,  774,-1073, 1499,-2144, 3244,-5634,15908,22328,-6506, 3672,-2436, 1721,-1248,  911, -661,  475, -334,  229, -152,   97,  -61,   45,   14,
    7,   51,  -57,   86, -131,  193, -279,  396, -555,  771,-1070, 1494,-2137, 3234,-5616,15826,22398,-6507, 3671,-2435, 1721,-1248,  911, -662,  475, -334,  229, -152,   97,  -61,   45,   14,
    7,   51,  -57,   86, -130,  192, -278,  395, -553,  768,-1066, 1489,-2130, 3224,-5597,15744,22469,-6507, 3670,-2435, 1721,-1248,  911, -662,  475, -334,  229, -152,   97,  -61,   44,   14,
    7,   51,  -57,   86, -130,  192, -277,  393, -551,  766,-1062, 1484,-2123, 3213,-5577,15661,22539,-6508, 3670,-2435, 1721,-1248,  911, -662,  475, -334,  229, -152,   97,  -60,   44,   14,
    7,   51,  -57,   86, -129,  191, -276,  391, -549,  763,-1058, 1479,-2116, 3203,-5558,15579,22609,-6508, 3669,-2434, 1721,-1248,  911, -662,  475, -335,  230, -152,   97,  -60,   44,   14,
    7,   51,  -56,   85, -129,  190, -275,  390, -546,  760,-1054, 1473,-2109, 3192,-5539,15497,22679,-6508, 3668,-2433, 1721,-1248,  912, -663,  476, -335,  230, -152,   97,  -60,   44,   14,
    7,   51,  -56,   85, -128,  189, -273,  388, -544,  757,-1050, 1468,-2102, 3181,-5519,15415,22749,-6508, 3667,-2433, 1720,-1248,  912, -663,  476, -335,  230, -152,   97,  -60,   44,   14,
    7,   51,  -56,   85, -128,  189, -272,  387, -542,  754,-1046, 1463,-2094, 3170,-5499,15332,22818,-6508, 3665,-2432, 1720,-1248,  912, -663,  476, -335,  230, -152,   97,  -60,   44,   14,
    7,   51,  -56,   85, -128,  188, -271,  385, -540,  750,-1042, 1457,-2087, 3159,-5479,15250,22887,-6507, 3664,-2431, 1719,-1248,  912, -663,  476, -335,  230, -152,   97,  -60,   44,   14,
    7,   51,  -56,   84, -127,  187, -270,  383, -537,  747,-1038, 1452,-2079, 3148,-5459,15168,22956,-6506, 3662,-2430, 1719,-1248,  912, -663,  476, -335,  230, -152,   97,  -60,   44,   14,
    7,   51,  -56,   84, -127,  186, -269,  382, -535,  744,-1034, 1446,-2072, 3137,-5439,15085,23025,-6505, 3660,-2429, 1718,-1247,  912, -663,  476, -335,  230, -152,   97,  -60,   43,   15,
    7,   51,  -56,   84, -126,  186, -268,  380, -533,  741,-1029, 1440,-2064, 3126,-5418,15003,23094,-6503, 3658,-2428, 1718,-1247,  912, -663,  476, -335,  230, -152,   97,  -60,   43,   15,
    6,   51,  -55,   83, -126,  185, -266,  378, -530,  738,-1025, 1435,-2056, 3114,-5398,14920,23162,-6501, 3656,-2426, 1717,-1247,  912, -663,  476, -335,  230, -152,   97,  -60,   43,   15,
    6,   51,  -55,   83, -125,  184, -265,  377, -528,  735,-1021, 1429,-2048, 3103,-5377,14838,23230,-6499, 3654,-2425, 1716,-1247,  911, -663,  476, -335,  230, -152,   97,  -60,   43,   15,
    6,   51,  -55,   83, -125,  183, -264,  375, -526,  732,-1017, 1423,-2041, 3091,-5356,14755,23298,-6497, 3652,-2424, 1715,-1246,  911, -663,  476, -335,  230, -152,   97,  -60,   43,   15,
    6,   51,  -55,   83, -124,  182, -263,  373, -523,  728,-1012, 1418,-2033, 3080,-5335,14672,23365,-6494, 3649,-2422, 1715,-1246,  911, -663,  476, -335,  230, -152,   97,  -60,   43,   15,
    6,   51,  -55,   82, -124,  182, -262,  371, -521,  725,-1008, 1412,-2025, 3068,-5314,14590,23433,-6492, 3647,-2420, 1714,-1245,  911, -663,  476, -335,  230, -152,   97,  -60,   43,   15,
    6,   51,  -55,   82, -123,  181, -260,  370, -518,  722,-1003, 1406,-2017, 3056,-5292,14507,23500,-6489, 3644,-2419, 1713,-1245,  910, -663,  476, -335,  230, -152,   97,  -60,   42,   15,
    6,   51,  -55,   82, -123,  180, -259,  368, -516,  718, -999, 1400,-2008, 3044,-5271,14424,23567,-6485, 3641,-2417, 1711,-1244,  910, -663,  476, -335,  230, -152,   97,  -59,   42,   15,
    6,   51,  -54,   81, -122,  179, -258,  366, -513,  715, -995, 1394,-2000, 3032,-5249,14341,23634,-6482, 3638,-2415, 1710,-1243,  910, -662,  476, -335,  230, -152,   97,  -59,   42,   15,
    6,   51,  -54,   81, -121,  178, -257,  364, -511,  712, -990, 1388,-1992, 3020,-5227,14258,23700,-6478, 3635,-2413, 1709,-1243,  909, -662,  476, -335,  230, -152,   97,  -59,   42,   15,
    6,   51,  -54,   81, -121,  177, -255,  362, -509,  708, -986, 1382,-1984, 3007,-5205,14176,23767,-6474, 3631,-2411, 1708,-1242,  909, -662,  476, -335,  229, -152,   96,  -59,   42,   16,
    6,   51,  -54,   80, -120,  177, -254,  361, -506,  705, -981, 1376,-1975, 2995,-5183,14093,23833,-6469, 3628,-2408, 1706,-1241,  908, -662,  475, -335,  229, -152,   96,  -59,   42,   16,
    6,   51,  -54,   80, -120,  176, -253,  359, -503,  702, -976, 1370,-1967, 2982,-5161,14010,23898,-6465, 3624,-2406, 1705,-1240,  908, -661,  475, -335,  229, -152,   96,  -59,   42,   16,
    6,   51,  -54,   80, -119,  175, -252,  357, -501,  698, -972, 1363,-1958, 2970,-5138,13927,23964,-6460, 3620,-2403, 1703,-1239,  907, -661,  475, -335,  229, -152,   96,  -59,   41,   16,
    6,   51,  -53,   80, -119,  174, -250,  355, -498,  695, -967, 1357,-1950, 2957,-5116,13844,24029,-6455, 3616,-2401, 1702,-1238,  907, -661,  475, -334,  229, -152,   96,  -59,   41,   16,
    6,   51,  -53,   79, -118,  173, -249,  353, -496,  691, -962, 1351,-1941, 2944,-5093,13761,24094,-6449, 3612,-2398, 1700,-1237,  906, -660,  475, -334,  229, -151,   96,  -59,   41,   16,
    6,   51,  -53,   79, -118,  172, -248,  351, -493,  688, -958, 1345,-1932, 2932,-5070,13678,24159,-6443, 3608,-2396, 1698,-1236,  906, -660,  474, -334,  229, -151,   96,  -59,   41,   16,
    6,   51,  -53,   79, -117,  171, -246,  350, -491,  684, -953, 1338,-1923, 2919,-5047,13595,24224,-6438, 3603,-2393, 1697,-1235,  905, -660,  474, -334,  229, -151,   96,  -59,   41,   16,
    6,   51,  -53,   78, -117,  170, -245,  348, -488,  681, -948, 1332,-1915, 2906,-5024,13512,24288,-6431, 3599,-2390, 1695,-1234,  904, -659,  474, -334,  229, -151,   96,  -58,   41,   16,
    5,   51,  -53,   78, -116,  170, -244,  346, -485,  677, -943, 1325,-1906, 2892,-5001,13429,24352,-6425, 3594,-2387, 1693,-1233,  903, -659,  474, -333,  228, -151,   95,  -58,   41,   16,
    5,   51,  -52,   78, -115,  169, -242,  344, -483,  673, -939, 1319,-1897, 2879,-4977,13346,24416,-6418, 3589,-2384, 1691,-1231,  903, -658,  473, -333,  228, -151,   95,  -58,   40,   17,
    5,   51,  -52,   77, -115,  168, -241,  342, -480,  670, -934, 1312,-1888, 2866,-4954,13263,24479,-6411, 3584,-2380, 1689,-1230,  902, -658,  473, -333,  228, -151,   95,  -58,   40,   17,
    5,   51,  -52,   77, -114,  167, -240,  340, -477,  666, -929, 1306,-1879, 2853,-4930,13180,24543,-6404, 3579,-2377, 1687,-1229,  901, -657,  473, -333,  228, -151,   95,  -58,   40,   17,
    5,   51,  -52,   77, -114,  166, -238,  338, -475,  662, -924, 1299,-1869, 2839,-4907,13097,24606,-6396, 3574,-2374, 1685,-1227,  900, -657,  472, -333,  228, -150,   95,  -58,   40,   17,
    5,   51,  -52,   76, -113,  165, -237,  336, -472,  659, -919, 1292,-1860, 2825,-4883,13014,24669,-6388, 3568,-2370, 1682,-1226,  899, -656,  472, -332,  227, -150,   95,  -58,   40,   17,
    5,   51,  -51,   76, -113,  164, -236,  334, -469,  655, -914, 1286,-1851, 2812,-4859,12931,24731,-6380, 3563,-2367, 1680,-1224,  898, -655,  471, -332,  227, -150,   95,  -58,   40,   17,
    5,   51,  -51,   76, -112,  163, -234,  332, -466,  651, -909, 1279,-1842, 2798,-4834,12848,24793,-6372, 3557,-2363, 1678,-1223,  897, -655,  471, -332,  227, -150,   95,  -57,   39,   17,
    5,   51,  -51,   75, -111,  162, -233,  330, -464,  648, -904, 1272,-1832, 2784,-4810,12764,24855,-6363, 3551,-2359, 1675,-1221,  896, -654,  471, -331,  227, -150,   94,  -57,   39,   17,
    5,   51,  -51,   75, -111,  161, -232,  328, -461,  644, -899, 1265,-1823, 2770,-4786,12681,24917,-6354, 3545,-2355, 1673,-1220,  895, -653,  470, -331,  227, -149,   94,  -57,   39,   17,
    5,   51,  -51,   74, -110,  160, -230,  326, -458,  640, -894, 1258,-1813, 2756,-4761,12598,24979,-6345, 3539,-2351, 1670,-1218,  894, -653,  470, -331,  226, -149,   94,  -57,   39,   17,
    5,   51,  -51,   74, -110,  160, -229,  324, -455,  636, -889, 1251,-1804, 2742,-4736,12515,25040,-6335, 3532,-2347, 1667,-1216,  893, -652,  469, -330,  226, -149,   94,  -57,   39,   18,
    5,   51,  -50,   74, -109,  159, -227,  322, -453,  632, -883, 1245,-1794, 2728,-4712,12432,25101,-6325, 3526,-2343, 1665,-1214,  892, -651,  469, -330,  226, -149,   94,  -57,   39,   18,
    5,   51,  -50,   73, -108,  158, -226,  320, -450,  629, -878, 1238,-1785, 2714,-4687,12349,25162,-6315, 3519,-2339, 1662,-1213,  890, -650,  468, -330,  226, -149,   94,  -57,   38,   18,
    5,   51,  -50,   73, -108,  157, -225,  318, -447,  625, -873, 1230,-1775, 2700,-4662,12266,25222,-6305, 3512,-2334, 1659,-1211,  889, -649,  467, -329,  225, -148,   93,  -57,   38,   18,
    5,   51,  -50,   73, -107,  156, -223,  316, -444,  621, -868, 1223,-1765, 2685,-4637,12183,25282,-6294, 3505,-2330, 1656,-1209,  888, -649,  467, -329,  225, -148,   93,  -56,   38,   18,
    5,   51,  -50,   72, -107,  155, -222,  314, -441,  617, -863, 1216,-1755, 2671,-4611,12100,25342,-6284, 3498,-2325, 1653,-1207,  887, -648,  466, -328,  225, -148,   93,  -56,   38,   18,
    5,   51,  -49,   72, -106,  154, -220,  312, -438,  613, -857, 1209,-1745, 2656,-4586,12017,25402,-6272, 3491,-2320, 1650,-1205,  885, -647,  466, -328,  224, -148,   93,  -56,   38,   18,
    5,   51,  -49,   72, -105,  153, -219,  310, -435,  609, -852, 1202,-1735, 2641,-4560,11934,25461,-6261, 3484,-2316, 1647,-1203,  884, -646,  465, -328,  224, -148,   93,  -56,   38,   18,
    5,   51,  -49,   71, -105,  152, -217,  308, -433,  605, -847, 1195,-1725, 2627,-4535,11852,25520,-6249, 3476,-2311, 1643,-1200,  882, -645,  464, -327,  224, -147,   93,  -56,   37,   18,
    4,   51,  -49,   71, -104,  151, -216,  306, -430,  601, -841, 1187,-1715, 2612,-4509,11769,25579,-6237, 3468,-2306, 1640,-1198,  881, -644,  464, -327,  223, -147,   92,  -56,   37,   19,
    4,   51,  -49,   70, -104,  150, -214,  304, -427,  597, -836, 1180,-1705, 2597,-4483,11686,25637,-6225, 3461,-2301, 1637,-1196,  879, -643,  463, -326,  223, -147,   92,  -55,   37,   19,
    4,   51,  -48,   70, -103,  149, -213,  302, -424,  593, -830, 1173,-1695, 2582,-4457,11603,25696,-6212, 3453,-2296, 1633,-1194,  878, -642,  462, -326,  223, -147,   92,  -55,   37,   19,
    4,   50,  -48,   70, -102,  148, -211,  299, -421,  589, -825, 1165,-1685, 2567,-4431,11520,25754,-6200, 3444,-2290, 1630,-1191,  876, -641,  462, -325,  222, -146,   92,  -55,   37,   19,
    4,   50,  -48,   69, -102,  147, -210,  297, -418,  585, -820, 1158,-1675, 2552,-4405,11437,25811,-6186, 3436,-2285, 1626,-1189,  875, -640,  461, -325,  222, -146,   92,  -55,   37,   19,
    4,   50,  -48,   69, -101,  146, -209,  295, -415,  581, -814, 1151,-1664, 2537,-4379,11355,25869,-6173, 3428,-2280, 1623,-1187,  873, -639,  460, -324,  222, -146,   91,  -55,   36,   19,
    4,   50,  -48,   69, -100,  145, -207,  293, -412,  577, -808, 1143,-1654, 2522,-4352,11272,25926,-6159, 3419,-2274, 1619,-1184,  871, -637,  459, -324,  221, -145,   91,  -55,   36,   19,
    4,   50,  -47,   68, -100,  144, -206,  291, -409,  573, -803, 1136,-1644, 2506,-4326,11189,25983,-6145, 3410,-2268, 1615,-1182,  870, -636,  459, -323,  221, -145,   91,  -54,   36,   19,
    4,   50,  -47,   68,  -99,  143, -204,  289, -406,  569, -797, 1128,-1633, 2491,-4299,11107,26039,-6131, 3401,-2263, 1611,-1179,  868, -635,  458, -323,  220, -145,   91,  -54,   36,   19,
    4,   50,  -47,   67,  -98,  142, -203,  286, -403,  564, -792, 1120,-1623, 2476,-4273,11024,26095,-6117, 3392,-2257, 1608,-1176,  866, -634,  457, -322,  220, -145,   90,  -54,   36,   19,
    4,   50,  -47,   67,  -98,  141, -201,  284, -400,  560, -786, 1113,-1612, 2460,-4246,10942,26151,-6102, 3383,-2251, 1604,-1174,  864, -633,  456, -321,  220, -144,   90,  -54,   35,   20,
    4,   50,  -46,   67,  -97,  140, -199,  282, -397,  556, -781, 1105,-1602, 2444,-4219,10859,26207,-6087, 3374,-2245, 1600,-1171,  862, -631,  455, -321,  219, -144,   90,  -54,   35,   20,
    4,   50,  -46,   66,  -96,  139, -198,  280, -394,  552, -775, 1098,-1591, 2429,-4192,10777,26262,-6071, 3364,-2239, 1596,-1168,  861, -630,  454, -320,  219, -144,   90,  -54,   35,   20,
    4,   50,  -46,   66,  -96,  138, -196,  278, -391,  548, -769, 1090,-1580, 2413,-4165,10694,26317,-6056, 3355,-2232, 1591,-1165,  859, -629,  453, -319,  218, -143,   90,  -53,   35,   20,
    4,   50,  -46,   65,  -95,  137, -195,  276, -388,  544, -763, 1082,-1570, 2397,-4138,10612,26372,-6040, 3345,-2226, 1587,-1162,  857, -627,  452, -319,  218, -143,   89,  -53,   35,   20,
    4,   50,  -46,   65,  -95,  136, -193,  273, -384,  539, -758, 1074,-1559, 2381,-4111,10529,26427,-6024, 3335,-2220, 1583,-1160,  855, -626,  451, -318,  217, -143,   89,  -53,   35,   20,
    4,   50,  -45,   65,  -94,  135, -192,  271, -381,  535, -752, 1067,-1548, 2365,-4083,10447,26481,-6007, 3325,-2213, 1578,-1157,  853, -625,  451, -317,  217, -142,   89,  -53,   34,   20,
    4,   50,  -45,   64,  -93,  134, -190,  269, -378,  531, -746, 1059,-1537, 2349,-4056,10365,26535,-5990, 3315,-2207, 1574,-1154,  851, -623,  450, -317,  216, -142,   89,  -53,   34,   20,
    4,   50,  -45,   64,  -93,  133, -189,  267, -375,  526, -740, 1051,-1526, 2333,-4028,10283,26588,-5973, 3304,-2200, 1570,-1150,  848, -622,  449, -316,  216, -142,   88,  -52,   34,   20,
    4,   50,  -45,   63,  -92,  132, -187,  264, -372,  522, -735, 1043,-1515, 2317,-4001,10201,26642,-5956, 3294,-2193, 1565,-1147,  846, -620,  448, -315,  215, -141,   88,  -52,   34,   21,
    4,   50,  -44,   63,  -91,  131, -186,  262, -369,  518, -729, 1035,-1504, 2301,-3973,10119,26695,-5938, 3283,-2186, 1560,-1144,  844, -619,  446, -315,  215, -141,   88,  -52,   34,   21,
    4,   50,  -44,   63,  -91,  130, -184,  260, -366,  514, -723, 1027,-1493, 2285,-3945,10037,26747,-5920, 3272,-2179, 1556,-1141,  842, -617,  445, -314,  214, -141,   87,  -52,   33,   21,
    4,   50,  -44,   62,  -90,  128, -182,  258, -362,  509, -717, 1019,-1482, 2269,-3917, 9955,26800,-5902, 3261,-2172, 1551,-1138,  840, -616,  444, -313,  214, -140,   87,  -52,   33,   21,
    3,   50,  -44,   62,  -89,  127, -181,  255, -359,  505, -711, 1011,-1471, 2252,-3889, 9873,26852,-5883, 3250,-2165, 1546,-1134,  837, -614,  443, -312,  213, -140,   87,  -51,   33,   21,
    3,   50,  -43,   61,  -88,  126, -179,  253, -356,  501, -705, 1003,-1460, 2236,-3861, 9791,26903,-5865, 3239,-2158, 1541,-1131,  835, -612,  442, -312,  213, -139,   87,  -51,   33,   21,
    3,   50,  -43,   61,  -88,  125, -178,  251, -353,  496, -699,  995,-1449, 2219,-3833, 9709,26955,-5845, 3228,-2150, 1536,-1128,  833, -611,  441, -311,  212, -139,   86,  -51,   33,   21,
    3,   50,  -43,   61,  -87,  124, -176,  248, -350,  492, -693,  987,-1437, 2203,-3805, 9627,27006,-5826, 3216,-2143, 1531,-1124,  830, -609,  440, -310,  212, -139,   86,  -51,   32,   21,
    3,   50,  -43,   60,  -86,  123, -174,  246, -347,  487, -687,  979,-1426, 2186,-3777, 9546,27057,-5806, 3204,-2135, 1526,-1121,  828, -608,  439, -309,  211, -138,   86,  -51,   32,   21,
    3,   50,  -43,   60,  -86,  122, -173,  244, -343,  483, -681,  970,-1415, 2170,-3748, 9464,27107,-5786, 3192,-2128, 1521,-1117,  825, -606,  437, -308,  210, -138,   85,  -50,   32,   22,
    3,   50,  -42,   59,  -85,  121, -171,  242, -340,  478, -675,  962,-1403, 2153,-3720, 9383,27157,-5766, 3180,-2120, 1516,-1114,  823, -604,  436, -308,  210, -137,   85,  -50,   32,   22,
    3,   49,  -42,   59,  -84,  120, -170,  239, -337,  474, -669,  954,-1392, 2136,-3691, 9301,27207,-5746, 3168,-2112, 1510,-1110,  820, -602,  435, -307,  209, -137,   85,  -50,   32,   22,
    3,   49,  -42,   59,  -84,  119, -168,  237, -334,  470, -663,  946,-1380, 2119,-3663, 9220,27257,-5725, 3156,-2104, 1505,-1106,  818, -601,  434, -306,  209, -136,   85,  -50,   31,   22,
    3,   49,  -42,   58,  -83,  118, -166,  235, -330,  465, -657,  938,-1369, 2102,-3634, 9139,27306,-5704, 3144,-2096, 1500,-1103,  815, -599,  433, -305,  208, -136,   84,  -49,   31,   22,
    3,   49,  -41,   58,  -82,  117, -165,  232, -327,  461, -651,  929,-1357, 2085,-3605, 9058,27355,-5682, 3131,-2088, 1494,-1099,  813, -597,  431, -304,  207, -136,   84,  -49,   31,   22,
    3,   49,  -41,   57,  -82,  116, -163,  230, -324,  456, -645,  921,-1346, 2068,-3576, 8977,27404,-5661, 3118,-2080, 1489,-1095,  810, -595,  430, -303,  207, -135,   84,  -49,   31,   22,
    3,   49,  -41,   57,  -81,  114, -162,  228, -320,  452, -639,  913,-1334, 2051,-3548, 8896,27452,-5639, 3105,-2071, 1483,-1091,  807, -593,  429, -302,  206, -135,   83,  -49,   30,   22,
    3,   49,  -41,   56,  -80,  113, -160,  225, -317,  447, -633,  904,-1323, 2034,-3519, 8815,27500,-5616, 3092,-2063, 1477,-1087,  805, -591,  427, -301,  206, -134,   83,  -48,   30,   22,
    3,   49,  -40,   56,  -79,  112, -158,  223, -314,  443, -626,  896,-1311, 2017,-3490, 8734,27548,-5594, 3079,-2055, 1472,-1083,  802, -589,  426, -300,  205, -134,   83,  -48,   30,   23,
    3,   49,  -40,   56,  -79,  111, -157,  221, -311,  438, -620,  887,-1299, 2000,-3460, 8653,27595,-5571, 3066,-2046, 1466,-1079,  799, -587,  425, -299,  204, -133,   82,  -48,   30,   23,
    3,   49,  -40,   55,  -78,  110, -155,  218, -307,  433, -614,  879,-1288, 1983,-3431, 8572,27642,-5548, 3052,-2037, 1460,-1075,  796, -585,  423, -298,  204, -133,   82,  -48,   30,   23,
    3,   49,  -40,   55,  -77,  109, -153,  216, -304,  429, -608,  871,-1276, 1966,-3402, 8492,27688,-5524, 3039,-2029, 1454,-1071,  793, -583,  422, -297,  203, -132,   82,  -48,   29,   23,
    3,   49,  -39,   54,  -77,  108, -152,  213, -301,  424, -602,  862,-1264, 1948,-3373, 8411,27735,-5500, 3025,-2020, 1448,-1067,  790, -581,  420, -296,  202, -132,   81,  -47,   29,   23,
    3,   49,  -39,   54,  -76,  107, -150,  211, -297,  420, -595,  854,-1252, 1931,-3343, 8331,27781,-5476, 3011,-2011, 1442,-1063,  787, -579,  419, -295,  201, -131,   81,  -47,   29,   23,
    3,   49,  -39,   53,  -75,  106, -148,  209, -294,  415, -589,  845,-1240, 1913,-3314, 8251,27827,-5452, 2997,-2002, 1436,-1058,  784, -577,  417, -294,  201, -131,   81,  -47,   29,   23,
    3,   49,  -39,   53,  -74,  105, -147,  206, -291,  411, -583,  836,-1228, 1896,-3285, 8171,27872,-5428, 2983,-1993, 1430,-1054,  781, -575,  416, -293,  200, -130,   80,  -47,   29,   23,
    3,   49,  -38,   53,  -74,  103, -145,  204, -287,  406, -577,  828,-1217, 1878,-3255, 8090,27917,-5403, 2969,-1983, 1423,-1050,  778, -573,  414, -292,  199, -130,   80,  -46,   28,   23,
    3,   49,  -38,   52,  -73,  102, -143,  201, -284,  401, -570,  819,-1205, 1861,-3226, 8010,27962,-5377, 2954,-1974, 1417,-1045,  775, -571,  413, -291,  199, -129,   80,  -46,   28,   24,
    3,   49,  -38,   52,  -72,  101, -142,  199, -281,  397, -564,  811,-1193, 1843,-3196, 7931,28006,-5352, 2939,-1965, 1411,-1041,  772, -569,  411, -290,  198, -129,   79,  -46,   28,   24,
    3,   48,  -38,   51,  -72,  100, -140,  197, -277,  392, -558,  802,-1181, 1826,-3166, 7851,28050,-5326, 2925,-1955, 1404,-1036,  769, -566,  410, -289,  197, -128,   79,  -46,   28,   24,
    3,   48,  -37,   51,  -71,   99, -138,  194, -274,  387, -551,  793,-1169, 1808,-3137, 7771,28094,-5300, 2910,-1946, 1398,-1032,  766, -564,  408, -288,  196, -128,   78,  -45,   27,   24,
    3,   48,  -37,   50,  -70,   98, -137,  192, -270,  383, -545,  785,-1156, 1790,-3107, 7691,28137,-5274, 2895,-1936, 1391,-1027,  763, -562,  407, -287,  195, -127,   78,  -45,   27,   24,
    2,   48,  -37,   50,  -69,   97, -135,  189, -267,  378, -539,  776,-1144, 1773,-3077, 7612,28180,-5247, 2880,-1926, 1384,-1023,  759, -560,  405, -286,  195, -127,   78,  -45,   27,   24,
    2,   48,  -37,   49,  -69,   96, -133,  187, -264,  373, -532,  767,-1132, 1755,-3047, 7533,28223,-5220, 2864,-1916, 1378,-1018,  756, -557,  404, -285,  194, -126,   77,  -44,   27,   24,
    2,   48,  -36,   49,  -68,   94, -132,  185, -260,  369, -526,  759,-1120, 1737,-3017, 7453,28265,-5193, 2849,-1906, 1371,-1013,  753, -555,  402, -284,  193, -126,   77,  -44,   26,   24,
    2,   48,  -36,   49,  -67,   93, -130,  182, -257,  364, -519,  750,-1108, 1719,-2987, 7374,28307,-5165, 2833,-1896, 1364,-1009,  750, -553,  400, -282,  192, -125,   77,  -44,   26,   25,
    2,   48,  -36,   48,  -66,   92, -128,  180, -253,  359, -513,  741,-1096, 1701,-2957, 7295,28349,-5137, 2817,-1886, 1357,-1004,  746, -550,  399, -281,  191, -124,   76,  -44,   26,   25,
    2,   48,  -35,   48,  -66,   91, -127,  177, -250,  355, -507,  732,-1083, 1683,-2927, 7216,28390,-5109, 2802,-1876, 1350, -999,  743, -548,  397, -280,  191, -124,   76,  -43,   26,   25,
    2,   48,  -35,   47,  -65,   90, -125,  175, -246,  350, -500,  723,-1071, 1665,-2897, 7137,28431,-5081, 2785,-1866, 1343, -994,  739, -545,  395, -279,  190, -123,   75,  -43,   26,   25,
    2,   48,  -35,   47,  -64,   89, -123,  172, -243,  345, -494,  715,-1059, 1647,-2867, 7059,28471,-5052, 2769,-1855, 1336, -989,  736, -543,  393, -278,  189, -123,   75,  -43,   25,   25,
    2,   48,  -35,   46,  -64,   88, -121,  170, -240,  340, -487,  706,-1047, 1629,-2837, 6980,28512,-5023, 2753,-1845, 1329, -984,  732, -540,  392, -276,  188, -122,   75,  -42,   25,   25,
    2,   48,  -34,   46,  -63,   86, -120,  167, -236,  336, -481,  697,-1034, 1611,-2806, 6902,28552,-4994, 2737,-1834, 1322, -979,  729, -538,  390, -275,  187, -122,   74,  -42,   25,   25,
    2,   48,  -34,   45,  -62,   85, -118,  165, -233,  331, -474,  688,-1022, 1593,-2776, 6823,28591,-4964, 2720,-1824, 1315, -974,  725, -535,  388, -274,  186, -121,   74,  -42,   25,   25,
    2,   48,  -34,   45,  -61,   84, -116,  163, -229,  326, -468,  679,-1010, 1575,-2746, 6745,28630,-4934, 2703,-1813, 1307, -969,  722, -533,  386, -273,  186, -120,   73,  -42,   24,   25,
    2,   47,  -34,   44,  -61,   83, -115,  160, -226,  321, -461,  670, -997, 1557,-2715, 6667,28669,-4904, 2686,-1802, 1300, -964,  718, -530,  385, -271,  185, -120,   73,  -41,   24,   26,
    2,   47,  -33,   44,  -60,   82, -113,  158, -222,  317, -455,  661, -985, 1538,-2685, 6589,28708,-4874, 2669,-1791, 1293, -959,  714, -528,  383, -270,  184, -119,   72,  -41,   24,   26,
    2,   47,  -33,   44,  -59,   81, -111,  155, -219,  312, -448,  652, -972, 1520,-2655, 6511,28746,-4843, 2652,-1780, 1285, -953,  711, -525,  381, -269,  183, -118,   72,  -41,   24,   26,
    2,   47,  -33,   43,  -58,   79, -109,  153, -215,  307, -442,  644, -960, 1502,-2624, 6434,28784,-4812, 2635,-1769, 1278, -948,  707, -522,  379, -268,  182, -118,   72,  -40,   23,   26,
    2,   47,  -32,   43,  -58,   78, -108,  150, -212,  302, -435,  635, -947, 1484,-2594, 6356,28821,-4781, 2618,-1758, 1270, -943,  703, -520,  377, -266,  181, -117,   71,  -40,   23,   26,
    2,   47,  -32,   42,  -57,   77, -106,  148, -208,  297, -429,  626, -935, 1465,-2563, 6279,28858,-4749, 2600,-1747, 1262, -937,  699, -517,  375, -265,  180, -117,   71,  -40,   23,   26,
    2,   47,  -32,   42,  -56,   76, -104,  145, -205,  293, -422,  617, -922, 1447,-2533, 6202,28895,-4717, 2582,-1735, 1255, -932,  695, -514,  373, -264,  179, -116,   70,  -40,   23,   26,
    2,   47,  -32,   41,  -55,   75, -103,  143, -202,  288, -415,  608, -910, 1429,-2502, 6124,28932,-4685, 2564,-1724, 1247, -926,  692, -512,  371, -262,  178, -115,   70,  -39,   22,   26,
    2,   47,  -31,   41,  -55,   74, -101,  140, -198,  283, -409,  599, -897, 1410,-2472, 6047,28968,-4652, 2547,-1712, 1239, -921,  688, -509,  369, -261,  177, -115,   69,  -39,   22,   27,
    2,   47,  -31,   40,  -54,   73,  -99,  138, -195,  278, -402,  590, -885, 1392,-2441, 5970,29003,-4620, 2528,-1701, 1231, -915,  684, -506,  368, -259,  176, -114,   69,  -39,   22,   27,
    2,   47,  -31,   40,  -53,   71,  -97,  135, -191,  273, -396,  581, -872, 1373,-2410, 5894,29039,-4587, 2510,-1689, 1223, -910,  680, -503,  366, -258,  175, -113,   69,  -38,   22,   27,
    2,   47,  -31,   39,  -52,   70,  -96,  133, -188,  269, -389,  572, -860, 1355,-2380, 5817,29074,-4553, 2492,-1677, 1215, -904,  676, -500,  364, -257,  174, -113,   68,  -38,   21,   27,
    2,   47,  -30,   39,  -52,   69,  -94,  130, -184,  264, -382,  563, -847, 1336,-2349, 5741,29108,-4519, 2473,-1665, 1207, -899,  672, -498,  362, -255,  173, -112,   68,  -38,   21,   27,
    2,   46,  -30,   38,  -51,   68,  -92,  128, -181,  259, -376,  553, -834, 1318,-2318, 5664,29142,-4485, 2455,-1654, 1199, -893,  668, -495,  359, -254,  172, -111,   67,  -37,   21,   27,
    2,   46,  -30,   38,  -50,   67,  -90,  125, -177,  254, -369,  544, -822, 1299,-2288, 5588,29176,-4451, 2436,-1642, 1191, -887,  664, -492,  357, -252,  171, -111,   67,  -37,   21,   27,
    2,   46,  -29,   38,  -49,   66,  -89,  123, -174,  249, -363,  535, -809, 1281,-2257, 5512,29210,-4417, 2417,-1629, 1182, -881,  660, -489,  355, -251,  170, -110,   66,  -37,   20,   27,
    2,   46,  -29,   37,  -49,   64,  -87,  120, -170,  244, -356,  526, -796, 1262,-2226, 5436,29243,-4382, 2398,-1617, 1174, -875,  655, -486,  353, -249,  169, -109,   66,  -36,   20,   27,
    2,   46,  -29,   37,  -48,   63,  -85,  118, -167,  240, -349,  517, -784, 1244,-2195, 5361,29276,-4347, 2379,-1605, 1166, -870,  651, -483,  351, -248,  168, -109,   65,  -36,   20,   28,
    2,   46,  -29,   36,  -47,   62,  -84,  115, -163,  235, -343,  508, -771, 1225,-2165, 5285,29308,-4311, 2360,-1593, 1157, -864,  647, -480,  349, -247,  167, -108,   65,  -36,   20,   28,
    2,   46,  -28,   36,  -46,   61,  -82,  113, -160,  230, -336,  499, -758, 1206,-2134, 5210,29340,-4276, 2340,-1580, 1149, -858,  643, -477,  347, -245,  166, -107,   64,  -35,   19,   28,
    2,   46,  -28,   35,  -46,   60,  -80,  110, -156,  225, -329,  490, -745, 1188,-2103, 5134,29372,-4240, 2321,-1568, 1140, -852,  639, -474,  345, -244,  165, -106,   64,  -35,   19,   28,
    2,   46,  -28,   35,  -45,   59,  -78,  108, -153,  220, -323,  481, -733, 1169,-2072, 5059,29403,-4203, 2301,-1555, 1132, -846,  634, -471,  343, -242,  164, -106,   63,  -35,   19,   28,
    2,   46,  -27,   34,  -44,   57,  -77,  105, -149,  215, -316,  472, -720, 1150,-2041, 4984,29434,-4167, 2281,-1543, 1123, -840,  630, -468,  340, -240,  163, -105,   63,  -34,   19,   28,
    2,   46,  -27,   34,  -43,   56,  -75,  103, -145,  210, -309,  462, -707, 1132,-2011, 4910,29465,-4130, 2261,-1530, 1114, -833,  626, -465,  338, -239,  162, -104,   62,  -34,   18,   28,
    2,   46,  -27,   33,  -43,   55,  -73,  100, -142,  206, -303,  453, -694, 1113,-1980, 4835,29495,-4093, 2241,-1517, 1106, -827,  621, -462,  336, -237,  161, -103,   62,  -34,   18,   28,
    2,   45,  -27,   33,  -42,   54,  -71,   98, -138,  201, -296,  444, -682, 1094,-1949, 4760,29525,-4055, 2221,-1504, 1097, -821,  617, -459,  334, -236,  160, -103,   61,  -33,   18,   29,
    1,   45,  -26,   32,  -41,   53,  -70,   95, -135,  196, -289,  435, -669, 1076,-1918, 4686,29555,-4017, 2201,-1491, 1088, -815,  612, -455,  332, -234,  159, -102,   61,  -33,   18,   29,
    1,   45,  -26,   32,  -40,   52,  -68,   93, -131,  191, -283,  426, -656, 1057,-1887, 4612,29584,-3979, 2180,-1478, 1079, -809,  608, -452,  329, -233,  158, -101,   60,  -33,   17,   29,
    1,   45,  -26,   31,  -40,   50,  -66,   90, -128,  186, -276,  417, -643, 1038,-1856, 4538,29613,-3941, 2160,-1465, 1070, -802,  603, -449,  327, -231,  157, -100,   60,  -32,   17,   29,
    1,   45,  -25,   31,  -39,   49,  -64,   88, -124,  181, -269,  407, -630, 1019,-1825, 4464,29641,-3902, 2139,-1452, 1061, -796,  599, -446,  325, -229,  156, -100,   59,  -32,   17,   29,
    1,   45,  -25,   30,  -38,   48,  -63,   85, -121,  176, -263,  398, -618, 1001,-1795, 4391,29669,-3864, 2118,-1439, 1052, -790,  594, -443,  323, -228,  154,  -99,   59,  -32,   17,   29,
    1,   45,  -25,   30,  -37,   47,  -61,   83, -117,  171, -256,  389, -605,  982,-1764, 4317,29697,-3824, 2097,-1425, 1043, -783,  590, -439,  320, -226,  153,  -98,   58,  -31,   16,   29,
    1,   45,  -25,   30,  -37,   46,  -59,   80, -114,  167, -249,  380, -592,  963,-1733, 4244,29724,-3785, 2076,-1412, 1034, -777,  585, -436,  318, -225,  152,  -97,   58,  -31,   16,   29,
    1,   45,  -24,   29,  -36,   45,  -58,   78, -110,  162, -243,  371, -579,  944,-1702, 4171,29751,-3745, 2055,-1398, 1024, -770,  581, -433,  316, -223,  151,  -97,   57,  -31,   16,   30,
    1,   45,  -24,   29,  -35,   43,  -56,   75, -107,  157, -236,  362, -566,  926,-1671, 4098,29777,-3705, 2034,-1385, 1015, -764,  576, -429,  313, -221,  150,  -96,   57,  -30,   15,   30,
    1,   45,  -24,   28,  -34,   42,  -54,   73, -103,  152, -229,  352, -553,  907,-1640, 4025,29803,-3665, 2012,-1371, 1006, -757,  571, -426,  311, -220,  149,  -95,   56,  -30,   15,   30,
    1,   45,  -23,   28,  -33,   41,  -52,   70, -100,  147, -223,  343, -541,  888,-1609, 3952,29829,-3624, 1991,-1357,  996, -750,  566, -423,  308, -218,  148,  -94,   56,  -30,   15,   30,
    1,   44,  -23,   27,  -33,   40,  -51,   68,  -96,  142, -216,  334, -528,  869,-1579, 3880,29855,-3583, 1969,-1343,  987, -744,  562, -419,  306, -216,  146,  -93,   55,  -29,   15,   30,
    1,   44,  -23,   27,  -32,   39,  -49,   65,  -93,  137, -209,  325, -515,  850,-1548, 3808,29880,-3542, 1947,-1330,  977, -737,  557, -416,  304, -215,  145,  -93,   54,  -29,   14,   30,
    1,   44,  -22,   26,  -31,   38,  -47,   63,  -89,  132, -202,  316, -502,  832,-1517, 3736,29904,-3501, 1925,-1316,  968, -730,  552, -412,  301, -213,  144,  -92,   54,  -28,   14,   30,
    1,   44,  -22,   26,  -30,   36,  -45,   60,  -86,  128, -196,  306, -489,  813,-1486, 3664,29928,-3459, 1903,-1302,  958, -723,  547, -409,  299, -211,  143,  -91,   53,  -28,   14,   30,
    1,   44,  -22,   25,  -30,   35,  -44,   58,  -82,  123, -189,  297, -476,  794,-1455, 3592,29952,-3417, 1881,-1288,  949, -717,  542, -405,  296, -209,  142,  -90,   53,  -28,   14,   30,
    1,   44,  -22,   25,  -29,   34,  -42,   55,  -79,  118, -182,  288, -464,  775,-1425, 3521,29976,-3374, 1859,-1273,  939, -710,  538, -402,  294, -208,  140,  -89,   52,  -27,   13,   31,
    1,   44,  -21,   24,  -28,   33,  -40,   53,  -75,  113, -176,  279, -451,  756,-1394, 3449,29999,-3332, 1836,-1259,  929, -703,  533, -398,  291, -206,  139,  -89,   52,  -27,   13,   31,
    1,   44,  -21,   24,  -27,   32,  -39,   50,  -72,  108, -169,  270, -438,  737,-1363, 3378,30022,-3289, 1814,-1245,  919, -696,  528, -395,  289, -204,  138,  -88,   51,  -27,   13,   31,
    1,   44,  -21,   23,  -27,   31,  -37,   48,  -68,  103, -162,  260, -425,  719,-1332, 3307,30044,-3246, 1791,-1230,  910, -689,  523, -391,  286, -202,  137,  -87,   51,  -26,   13,   31,
    1,   44,  -20,   23,  -26,   29,  -35,   45,  -65,   98, -156,  251, -412,  700,-1302, 3236,30066,-3202, 1769,-1216,  900, -682,  518, -388,  284, -201,  135,  -86,   50,  -26,   12,   31,
    1,   43,  -20,   22,  -25,   28,  -33,   43,  -61,   94, -149,  242, -399,  681,-1271, 3166,30088,-3158, 1746,-1201,  890, -675,  513, -384,  281, -199,  134,  -85,   49,  -26,   12,   31,
    1,   43,  -20,   22,  -24,   27,  -32,   40,  -58,   89, -142,  233, -386,  662,-1240, 3095,30109,-3114, 1723,-1187,  880, -668,  508, -381,  279, -197,  133,  -84,   49,  -25,   12,   31,
    1,   43,  -20,   21,  -24,   26,  -30,   38,  -54,   84, -136,  224, -374,  643,-1209, 3025,30130,-3070, 1700,-1172,  870, -661,  503, -377,  276, -195,  132,  -83,   48,  -25,   11,   31,
    1,   43,  -19,   21,  -23,   25,  -28,   36,  -51,   79, -129,  214, -361,  625,-1179, 2955,30150,-3025, 1676,-1158,  860, -654,  497, -373,  273, -193,  130,  -83,   48,  -24,   11,   32,
    1,   43,  -19,   21,  -22,   24,  -26,   33,  -47,   74, -122,  205, -348,  606,-1148, 2885,30170,-2981, 1653,-1143,  850, -647,  492, -370,  271, -191,  129,  -82,   47,  -24,   11,   32,
    1,   43,  -19,   20,  -21,   22,  -25,   31,  -44,   69, -116,  196, -335,  587,-1118, 2816,30190,-2935, 1630,-1128,  839, -639,  487, -366,  268, -190,  128,  -81,   47,  -24,   11,   32,
    1,   43,  -18,   20,  -21,   21,  -23,   28,  -40,   64, -109,  187, -322,  568,-1087, 2746,30209,-2890, 1606,-1113,  829, -632,  482, -362,  266, -188,  127,  -80,   46,  -23,   10,   32,
    1,   43,  -18,   19,  -20,   20,  -21,   26,  -37,   60, -102,  178, -309,  550,-1057, 2677,30228,-2844, 1583,-1098,  819, -625,  477, -359,  263, -186,  125,  -79,   45,  -23,   10,   32,
    1,   43,  -18,   19,  -19,   19,  -20,   23,  -33,   55,  -96,  169, -296,  531,-1026, 2608,30246,-2798, 1559,-1083,  809, -618,  472, -355,  260, -184,  124,  -78,   45,  -22,   10,   32,
    1,   43,  -17,   18,  -18,   18,  -18,   21,  -30,   50,  -89,  159, -284,  512, -996, 2539,30264,-2752, 1535,-1068,  798, -610,  466, -351,  258, -182,  123,  -77,   44,  -22,    9,   32,
    1,   42,  -17,   18,  -18,   17,  -16,   18,  -26,   45,  -82,  150, -271,  493, -965, 2471,30282,-2705, 1511,-1053,  788, -603,  461, -347,  255, -180,  121,  -76,   44,  -22,    9,   32,
    1,   42,  -17,   17,  -17,   16,  -14,   16,  -23,   40,  -76,  141, -258,  475, -935, 2402,30300,-2659, 1487,-1037,  777, -596,  456, -343,  252, -178,  120,  -76,   43,  -21,    9,   33,
    1,   42,  -17,   17,  -16,   14,  -13,   13,  -19,   35,  -69,  132, -245,  456, -904, 2334,30317,-2612, 1463,-1022,  767, -588,  450, -340,  249, -176,  119,  -75,   42,  -21,    9,   33,
    1,   42,  -16,   16,  -15,   13,  -11,   11,  -16,   31,  -62,  123, -232,  437, -874, 2266,30333,-2564, 1438,-1007,  756, -581,  445, -336,  247, -175,  117,  -74,   42,  -20,    8,   33,
    1,   42,  -16,   16,  -15,   12,   -9,    8,  -12,   26,  -56,  114, -220,  419, -844, 2198,30349,-2516, 1414, -991,  746, -573,  440, -332,  244, -173,  116,  -73,   41,  -20,    8,   33,
    1,   42,  -16,   15,  -14,   11,   -8,    6,   -9,   21,  -49,  105, -207,  400, -813, 2131,30365,-2469, 1389, -976,  735, -566,  434, -328,  241, -171,  115,  -72,   41,  -20,    8,   33,
    1,   42,  -15,   15,  -13,   10,   -6,    4,   -5,   16,  -43,   95, -194,  381, -783, 2063,30380,-2420, 1365, -960,  724, -558,  429, -324,  238, -169,  113,  -71,   40,  -19,    7,   33,
    1,   42,  -15,   14,  -12,    9,   -4,    1,   -2,   11,  -36,   86, -181,  363, -753, 1996,30395,-2372, 1340, -944,  714, -551,  424, -320,  236, -167,  112,  -70,   39,  -19,    7,   33,
    1,   42,  -15,   14,  -12,    8,   -3,   -1,    1,    7,  -29,   77, -169,  344, -723, 1929,30410,-2323, 1315, -929,  703, -543,  418, -316,  233, -165,  111,  -69,   39,  -18,    7,   33,
    1,   42,  -14,   13,  -11,    6,   -1,   -4,    5,    2,  -23,   68, -156,  325, -692, 1862,30424,-2274, 1290, -913,  692, -535,  413, -312,  230, -163,  109,  -68,   38,  -18,    7,   33,
    1,   41,  -14,   13,  -10,    5,    1,   -6,    8,   -3,  -16,   59, -143,  307, -662, 1796,30438,-2225, 1265, -897,  681, -528,  407, -309,  227, -161,  108,  -67,   38,  -18,    6,   34,
    1,   41,  -14,   13,   -9,    4,    2,   -9,   12,   -8,  -10,   50, -130,  288, -632, 1730,30452,-2175, 1240, -881,  671, -520,  402, -305,  224, -159,  107,  -66,   37,  -17,    6,   34,
    1,   41,  -14,   12,   -9,    3,    4,  -11,   15,  -12,   -3,   41, -118,  270, -602, 1663,30465,-2125, 1215, -865,  660, -512,  396, -301,  222, -157,  105,  -65,   36,  -17,    6,   34,
    1,   41,  -13,   12,   -8,    2,    6,  -14,   19,  -17,    3,   32, -105,  251, -572, 1598,30477,-2075, 1190, -849,  649, -504,  390, -297,  219, -155,  104,  -64,   36,  -16,    5,   34,
    1,   41,  -13,   11,   -7,    1,    8,  -16,   22,  -22,   10,   23,  -92,  233, -542, 1532,30490,-2025, 1164, -833,  638, -497,  385, -293,  216, -153,  102,  -63,   35,  -16,    5,   34,
    1,   41,  -13,   11,   -6,    0,    9,  -18,   25,  -27,   17,   14,  -80,  214, -512, 1466,30501,-1974, 1139, -817,  627, -489,  379, -288,  213, -151,  101,  -63,   34,  -16,    5,   34,
    1,   41,  -12,   10,   -6,   -2,   11,  -21,   29,  -31,   23,    5,  -67,  196, -482, 1401,30513,-1923, 1113, -801,  616, -481,  374, -284,  210, -149,  100,  -62,   34,  -15,    5,   34,
    1,   41,  -12,   10,   -5,   -3,   13,  -23,   32,  -36,   30,   -4,  -54,  177, -453, 1336,30524,-1872, 1087, -785,  604, -473,  368, -280,  207, -147,   98,  -61,   33,  -15,    4,   34,
    1,   41,  -12,    9,   -4,   -4,   14,  -26,   36,  -41,   36,  -13,  -42,  159, -423, 1271,30535,-1821, 1061, -769,  593, -465,  362, -276,  204, -145,   97,  -60,   32,  -14,    4,   35,
    1,   40,  -11,    9,   -4,   -5,   16,  -28,   39,  -46,   43,  -22,  -29,  140, -393, 1207,30545,-1769, 1036, -752,  582, -457,  356, -272,  201, -143,   95,  -59,   32,  -14,    4,   35,
    1,   40,  -11,    8,   -3,   -6,   17,  -30,   42,  -50,   49,  -31,  -17,  122, -364, 1142,30555,-1717, 1010, -736,  571, -449,  351, -268,  198, -140,   94,  -58,   31,  -14,    3,   35,
    1,   40,  -11,    8,   -2,   -7,   19,  -33,   46,  -55,   56,  -40,   -4,  104, -334, 1078,30564,-1665,  983, -720,  560, -441,  345, -264,  195, -138,   92,  -57,   31,  -13,    3,   35,
    1,   40,  -11,    7,   -1,   -8,   21,  -35,   49,  -60,   62,  -49,    8,   85, -304, 1014,30573,-1612,  957, -703,  548, -433,  339, -260,  192, -136,   91,  -56,   30,  -13,    3,   35,
    1,   40,  -10,    7,   -1,   -9,   22,  -37,   52,  -64,   69,  -58,   21,   67, -275,  951,30582,-1559,  931, -686,  537, -425,  333, -256,  189, -134,   89,  -55,   29,  -12,    3,   35,
    1,   40,  -10,    6,    0,  -10,   24,  -40,   56,  -69,   75,  -67,   33,   49, -245,  887,30590,-1506,  905, -670,  526, -417,  328, -251,  186, -132,   88,  -54,   29,  -12,    2,   35,
    1,   40,  -10,    6,    1,  -12,   26,  -42,   59,  -74,   81,  -76,   46,   30, -216,  824,30598,-1453,  878, -653,  514, -409,  322, -247,  183, -130,   87,  -53,   28,  -11,    2,   35,
    1,   40,   -9,    6,    2,  -13,   27,  -45,   63,  -78,   88,  -85,   58,   12, -187,  761,30606,-1399,  852, -637,  503, -401,  316, -243,  180, -128,   85,  -52,   27,  -11,    2,   35,
    1,   40,   -9,    5,    2,  -14,   29,  -47,   66,  -83,   94,  -94,   71,   -6, -157,  698,30613,-1345,  825, -620,  491, -393,  310, -239,  177, -126,   84,  -51,   27,  -11,    1,   36,
    1,   40,   -9,    5,    3,  -15,   31,  -49,   69,  -88,  101, -102,   83,  -24, -128,  636,30620,-1291,  798, -603,  480, -385,  304, -235,  174, -124,   82,  -50,   26,  -10,    1,   36,
    1,   39,   -8,    4,    4,  -16,   32,  -52,   73,  -92,  107, -111,   96,  -42,  -99,  574,30626,-1237,  771, -586,  468, -376,  298, -230,  171, -121,   81,  -49,   25,  -10,    1,   36,
    1,   39,   -8,    4,    4,  -17,   34,  -54,   76,  -97,  113, -120,  108,  -60,  -70,  512,30632,-1182,  744, -569,  457, -368,  292, -226,  168, -119,   79,  -48,   25,   -9,    1,   36,
    1,   39,   -8,    3,    5,  -18,   36,  -56,   79, -102,  120, -129,  121,  -78,  -41,  450,30638,-1127,  717, -552,  445, -360,  286, -222,  165, -117,   78,  -47,   24,   -9,    0,   36,
    1,   39,   -8,    3,    6,  -19,   37,  -59,   82, -106,  126, -138,  133,  -96,  -12,  388,30643,-1072,  690, -535,  433, -352,  281, -218,  162, -115,   76,  -46,   23,   -8,    0,   36,
    1,   39,   -7,    2,    7,  -20,   39,  -61,   86, -111,  133, -147,  145, -114,   17,  327,30648,-1017,  663, -518,  422, -343,  275, -213,  159, -113,   75,  -45,   23,   -8,    0,   36,
    1,   39,   -7,    2,    7,  -21,   40,  -63,   89, -115,  139, -155,  158, -132,   46,  266,30652, -961,  636, -501,  410, -335,  269, -209,  156, -111,   73,  -44,   22,   -7,   -1,   36,
    1,   39,   -7,    1,    8,  -23,   42,  -66,   92, -120,  145, -164,  170, -150,   75,  205,30656, -905,  609, -484,  398, -327,  263, -205,  153, -108,   72,  -43,   21,   -7,   -1,   37,
    1,   39,   -6,    1,    9,  -24,   44,  -68,   96, -124,  152, -173,  182, -168,  103,  144,30660, -849,  581, -467,  387, -318,  257, -200,  150, -106,   70,  -42,   21,   -7,   -1,   37,
    1,   39,   -6,    1,    9,  -25,   45,  -70,   99, -129,  158, -182,  194, -186,  132,   84,30663, -793,  554, -450,  375, -310,  250, -196,  147, -104,   69,  -41,   20,   -6,   -2,   37,
    1,   38,   -6,    0,   10,  -26,   47,  -73,  102, -133,  164, -190,  207, -204,  161,   24,30665, -736,  526, -432,  363, -302,  244, -191,  144, -102,   67,  -40,   19,   -6,   -2,   37,
    1,   38,   -5,    0,   11,  -27,   48,  -75,  105, -138,  170, -199,  219, -222,  189,  -36,30668, -679,  498, -415,  351, -293,  238, -187,  140, -100,   66,  -38,   19,   -5,   -2,   37,
    1,   38,   -5,   -1,   12,  -28,   50,  -77,  109, -143,  177, -208,  231, -240,  218,  -96,30670, -622,  471, -398,  339, -285,  232, -183,  137,  -97,   64,  -37,   18,   -5,   -2,   37,
    1,   38,   -5,   -1,   12,  -29,   52,  -79,  112, -147,  183, -216,  243, -257,  246, -155,30671, -564,  443, -380,  327, -276,  226, -178,  134,  -95,   62,  -36,   17,   -4,   -3,   37,
    1,   38,   -5,   -2,   13,  -30,   53,  -82,  115, -152,  189, -225,  255, -275,  274, -215,30673, -507,  415, -363,  315, -268,  220, -174,  131,  -93,   61,  -35,   16,   -4,   -3,   37,
    1,   38,   -4,   -2,   14,  -31,   55,  -84,  118, -156,  195, -233,  267, -293,  303, -273,30673, -449,  387, -345,  303, -259,  214, -169,  128,  -91,   59,  -34,   16,   -4,   -3,   37,
  -43,   38,   -4,   -3,   14,  -32,   56,  -86,  121, -161,  202, -242,  279, -310,  331, -332,30674, -391,  359, -328,  291, -251,  208, -165,  125,  -88,   58,  -33,   15,   -3,   -4,   38,
