//#define UPSAMPLE_FACTOR_8P4TO8 69
//#define DOWNSAMPLE_FACTOR_8P4TO8 73
//#define FIRFILTER_NUM_MONO_8P4TO8 16

   83, -774,  602, -839,  991,-1098,
 1072,30795, 1520,-1297, 1100, -900,
  635, -784,   80,   39,   86, -764,
  568, -778,  881, -899,  635,30775,
 1980,-1498, 1208, -959,  668, -793,
   77,    9,   89, -752,  533, -716,
  772, -703,  210,30735, 2450,-1700,
 1316,-1018,  700, -802,   73,   10,
   91, -741,  497, -654,  663, -508,
 -203,30675, 2930,-1902, 1424,-1076,
  731, -810,   69,   11,   93, -728,
  461, -591,  554, -317, -604,30596,
 3421,-2105, 1530,-1133,  760, -817,
   64,   12,   95, -715,  425, -529,
  446, -128, -992,30496, 3921,-2306,
 1634,-1188,  789, -823,   59,   13,
   96, -702,  388, -466,  338,   58,
-1367,30377, 4431,-2508, 1738,-1242,
  816, -828,   54,   14,   97, -688,
  350, -403,  232,  241,-1729,30239,
 4949,-2708, 1839,-1295,  843, -833,
   48,   15,   98, -674,  313, -341,
  126,  420,-2077,30081, 5475,-2907,
 1939,-1346,  868, -836,   42,   16,
   99, -659,  275, -279,   22,  595,
-2412,29904, 6009,-3103, 2036,-1395,
  891, -839,   36,   18,   99, -644,
  237, -217,  -80,  765,-2733,29709,
 6550,-3298, 2131,-1442,  913, -841,
   29,   19,   99, -628,  199, -156,
 -181,  932,-3041,29494, 7098,-3490,
 2223,-1487,  934, -841,   22,   21,
  100, -613,  161,  -96, -280, 1094,
-3334,29262, 7653,-3679, 2313,-1530,
  953, -841,   15,   22,   99, -597,
  123,  -36, -377, 1250,-3613,29011,
 8213,-3864, 2399,-1571,  971, -840,
    7,   24,   99, -580,   85,   23,
 -471, 1402,-3878,28742, 8778,-4045,
 2482,-1609,  987, -838,   -1,   25,
   98, -564,   48,   81, -564, 1549,
-4129,28456, 9348,-4222, 2562,-1645,
 1001, -835,  -10,   27,   98, -547,
   10,  138, -654, 1690,-4365,28153,
 9921,-4395, 2638,-1678, 1013, -830,
  -19,   29,   97, -530,  -27,  194,
 -741, 1825,-4587,27832,10498,-4562,
 2710,-1709, 1024, -825,  -28,   30,
   96, -513,  -64,  248, -826, 1955,
-4795,27496,11079,-4723, 2778,-1737,
 1033, -819,  -38,   32,   95, -496,
 -100,  302, -908, 2078,-4988,27143,
11661,-4879, 2841,-1761, 1040, -811,
  -48,   34,   93, -479, -136,  353,
 -987, 2196,-5167,26775,12245,-5028,
 2900,-1783, 1045, -803,  -59,   36,
   92, -462, -171,  404,-1062, 2307,
-5332,26391,12830,-5170, 2955,-1802,
 1048, -793,  -70,   38,   90, -445,
 -206,  453,-1135, 2412,-5482,25993,
13415,-5306, 3004,-1818, 1049, -782,
  -81,   40,   89, -427, -240,  500,
-1205, 2511,-5619,25581,14001,-5433,
 3049,-1831, 1048, -770,  -93,   42,
   87, -410, -274,  546,-1271, 2604,
-5741,25155,14585,-5553, 3088,-1840,
 1045, -757, -105,   44,   85, -393,
 -307,  590,-1334, 2689,-5850,24715,
15169,-5664, 3122,-1846, 1040, -743,
 -118,   46,   83, -376, -339,  632,
-1393, 2769,-5944,24263,15750,-5767,
 3151,-1848, 1033, -728, -131,   49,
   81, -359, -370,  672,-1449, 2841,
-6025,23798,16328,-5860, 3173,-1847,
 1024, -711, -144,   51,   79, -342,
 -401,  710,-1501, 2907,-6093,23322,
16903,-5944, 3190,-1842, 1012, -694,
 -157,   53,   77, -326, -431,  747,
-1550, 2967,-6148,22835,17475,-6018,
 3202,-1834,  999, -675, -171,   55,
   75, -309, -460,  781,-1595, 3020,
-6189,22337,18041,-6082, 3207,-1822,
  983, -655, -185,   57,   73, -293,
 -487,  814,-1636, 3066,-6218,21829,
18603,-6136, 3206,-1807,  965, -634,
 -200,   60,   71, -277, -514,  844,
-1674, 3105,-6234,21311,19159,-6178,
 3198,-1788,  945, -612, -215,   62,
   69, -261, -540,  873,-1708, 3138,
-6238,20785,19708,-6210, 3185,-1765,
  923, -589, -230,   64,   66, -245,
 -565,  899,-1738, 3165,-6230,20250,
20250,-6230, 3165,-1738,  899, -565,
 -245,   66,   64, -230, -589,  923,
-1765, 3185,-6210,19708,20785,-6238,
 3138,-1708,  873, -540, -261,   69,
   62, -215, -612,  945,-1788, 3198,
-6178,19159,21311,-6234, 3105,-1674,
  844, -514, -277,   71,   60, -200,
 -634,  965,-1807, 3206,-6136,18603,
21829,-6218, 3066,-1636,  814, -487,
 -293,   73,   57, -185, -655,  983,
-1822, 3207,-6082,18041,22337,-6189,
 3020,-1595,  781, -460, -309,   75,
   55, -171, -675,  999,-1834, 3202,
-6018,17475,22835,-6148, 2967,-1550,
  747, -431, -326,   77,   53, -157,
 -694, 1012,-1842, 3190,-5944,16903,
23322,-6093, 2907,-1501,  710, -401,
 -342,   79,   51, -144, -711, 1024,
-1847, 3173,-5860,16328,23798,-6025,
 2841,-1449,  672, -370, -359,   81,
   49, -131, -728, 1033,-1848, 3151,
-5767,15750,24263,-5944, 2769,-1393,
  632, -339, -376,   83,   46, -118,
 -743, 1040,-1846, 3122,-5664,15169,
24715,-5850, 2689,-1334,  590, -307,
 -393,   85,   44, -105, -757, 1045,
-1840, 3088,-5553,14585,25155,-5741,
 2604,-1271,  546, -274, -410,   87,
   42,  -93, -770, 1048,-1831, 3049,
-5433,14001,25581,-5619, 2511,-1205,
  500, -240, -427,   89,   40,  -81,
 -782, 1049,-1818, 3004,-5306,13415,
25993,-5482, 2412,-1135,  453, -206,
 -445,   90,   38,  -70, -793, 1048,
-1802, 2955,-5170,12830,26391,-5332,
 2307,-1062,  404, -171, -462,   92,
   36,  -59, -803, 1045,-1783, 2900,
-5028,12245,26775,-5167, 2196, -987,
  353, -136, -479,   93,   34,  -48,
 -811, 1040,-1761, 2841,-4879,11661,
27143,-4988, 2078, -908,  302, -100,
 -496,   95,   32,  -38, -819, 1033,
-1737, 2778,-4723,11079,27496,-4795,
 1955, -826,  248,  -64, -513,   96,
   30,  -28, -825, 1024,-1709, 2710,
-4562,10498,27832,-4587, 1825, -741,
  194,  -27, -530,   97,   29,  -19,
 -830, 1013,-1678, 2638,-4395, 9921,
28153,-4365, 1690, -654,  138,   10,
 -547,   98,   27,  -10, -835, 1001,
-1645, 2562,-4222, 9348,28456,-4129,
 1549, -564,   81,   48, -564,   98,
   25,   -1, -838,  987,-1609, 2482,
-4045, 8778,28742,-3878, 1402, -471,
   23,   85, -580,   99,   24,    7,
 -840,  971,-1571, 2399,-3864, 8213,
29011,-3613, 1250, -377,  -36,  123,
 -597,   99,   22,   15, -841,  953,
-1530, 2313,-3679, 7653,29262,-3334,
 1094, -280,  -96,  161, -613,  100,
   21,   22, -841,  934,-1487, 2223,
-3490, 7098,29494,-3041,  932, -181,
 -156,  199, -628,   99,   19,   29,
 -841,  913,-1442, 2131,-3298, 6550,
29709,-2733,  765,  -80, -217,  237,
 -644,   99,   18,   36, -839,  891,
-1395, 2036,-3103, 6009,29904,-2412,
  595,   22, -279,  275, -659,   99,
   16,   42, -836,  868,-1346, 1939,
-2907, 5475,30081,-2077,  420,  126,
 -341,  313, -674,   98,   15,   48,
 -833,  843,-1295, 1839,-2708, 4949,
30239,-1729,  241,  232, -403,  350,
 -688,   97,   14,   54, -828,  816,
-1242, 1738,-2508, 4431,30377,-1367,
   58,  338, -466,  388, -702,   96,
   13,   59, -823,  789,-1188, 1634,
-2306, 3921,30496, -992, -128,  446,
 -529,  425, -715,   95,   12,   64,
 -817,  760,-1133, 1530,-2105, 3421,
30596, -604, -317,  554, -591,  461,
 -728,   93,   11,   69, -810,  731,
-1076, 1424,-1902, 2930,30675, -203,
 -508,  663, -654,  497, -741,   91,
   10,   73, -802,  700,-1018, 1316,
-1700, 2450,30735,  210, -703,  772,
 -716,  533, -752,   89,    9,   77,
 -793,  668, -959, 1208,-1498, 1980,
30775,  635, -899,  881, -778,  568,
 -764,   86,   39,   80, -784,  635,
 -900, 1100,-1297, 1520,30795, 1072,
-1098,  991, -839,  602, -774,   83,

